Star_A 26 52 126 36 170
Star_B 12 520 501 13 160
Star_C 260 335 562 215 46
Star_D 533 253 30 11 62
Star_E 52 335 603 30 216
Star_F 313 623 36 33 23
Star_G 536 623 312 31 15
Star_H 320 605 233 15 40
Star_I 313 50 123 42 271
Star_J 15 333 605 75 261
Star_K 10 16 12 71 143
Star_L 330 621 261 15 40
Star_M 501 36 302 211 33
Star_N 62 33 6 140 15
Star_O 361 156 235 26 220
Star_P 260 230 612 135 63
Star_Q 315 562 162 42 172
Star_R 235 265 63 223 240
Star_S 236 561 561 163 42
Star_T 32 233 210 270 36
