1
1
1
1
1
1
1
2
2
2
2
2
2
3
3
3
8
8
8
8
9
9
10
10
10
10
10
10
10
10
10
10
10
10
11
11
11
11
11
11
11
11
11
11
11
11
11
11
11
11
11
11
11
11
11
11
11
11
11
11
11
11
11
11
11
11
11
11
11
11
11
11
11
11
11
11
11
11
11
11
11
11
11
11
11
11
11
11
11
11
11
11
11
11
11
11
11
11
11
11
11
12
12
12
12
12
12
12
12
12
12
12
12
12
12
12
12
12
12
12
12
12
12
12
12
12
13
13
13
13
13
13
13
13
13
18
18
18
18
18
18
18
18
18
18
18
18
18
18
18
18
18
19
19
19
19
19
19
19
19
19
19
19
19
19
19
19
19
20
20
20
20
21
21
21
21
21
21
21
21
21
21
21
21
21
21
21
21
21
21
21
21
21
21
22
22
22
22
22
22
22
22
22
22
22
22
22
22
23
23
23
23
23
23
23
23
23
23
23
28
28
28
28
29
29
29
29
29
29
30
30
30
31
31
31
31
31
31
31
31
31
31
31
31
31
31
31
31
32
32
32
32
32
32
32
32
32
38
39
39
39
80
81
81
81
81
81
81
81
81
81
81
81
81
81
81
81
81
81
81
81
81
81
82
82
82
82
83
83
83
83
88
89
89
89
90
91
91
91
91
91
91
91
91
91
91
91
91
91
91
91
91
91
91
91
91
92
92
92
92
92
92
92
92
92
93
93
99
100
100
100
100
101
101
101
101
101
101
101
101
101
101
101
101
101
101
101
101
101
101
101
101
101
101
101
101
101
101
101
101
101
102
102
102
102
102
102
102
102
102
102
103
103
103
103
103
103
103
103
103
103
103
108
108
108
108
108
108
109
109
109
110
110
110
110
110
110
110
110
110
110
110
110
110
110
111
111
111
111
111
111
111
111
111
111
111
111
111
111
111
111
111
111
111
111
111
111
111
111
111
111
111
111
111
111
111
111
111
111
111
111
111
111
111
111
111
111
111
111
111
111
111
111
111
111
111
111
111
111
111
111
111
111
111
111
111
111
111
111
111
111
111
111
111
111
111
111
111
111
111
111
111
111
111
111
111
111
111
111
111
111
111
111
111
111
111
111
111
111
111
111
111
111
111
111
111
112
112
112
112
112
112
112
112
112
112
112
112
112
112
112
112
112
112
112
112
112
112
112
112
112
112
112
112
112
112
112
112
112
112
112
112
112
112
112
112
112
112
112
112
112
112
112
112
112
112
112
112
112
112
112
112
112
112
112
112
112
112
112
112
112
112
112
112
112
112
112
112
112
112
112
112
112
112
112
113
113
113
113
113
113
113
113
113
113
113
113
113
113
113
113
113
113
113
113
113
113
113
113
113
113
113
113
113
113
113
113
113
113
113
113
113
113
113
113
118
118
118
118
118
118
118
118
118
118
118
118
118
118
118
118
118
118
118
118
118
118
118
118
118
118
118
118
118
118
118
118
118
118
119
119
119
119
119
119
119
119
119
119
119
119
119
119
119
119
119
119
119
119
119
119
119
119
119
119
119
119
119
119
119
119
119
119
119
119
119
119
119
119
119
120
120
120
120
120
120
120
120
121
121
121
121
121
121
121
121
121
121
121
121
121
121
121
121
121
121
121
121
121
121
121
121
121
121
121
121
121
121
121
121
121
121
121
121
121
121
121
121
121
121
121
121
121
121
121
121
121
121
121
121
121
121
121
121
121
121
121
121
121
121
121
121
121
121
121
121
121
121
121
121
121
121
121
121
121
121
121
121
121
122
122
122
122
122
122
122
122
122
122
122
122
122
122
122
122
122
122
122
122
122
122
122
122
122
122
122
122
122
122
122
122
123
123
123
123
123
123
123
123
123
123
123
123
123
123
123
123
123
123
123
123
123
123
123
123
123
123
123
123
123
123
123
123
123
123
128
128
128
128
128
128
128
128
128
128
128
128
128
128
128
128
128
128
128
128
128
128
128
128
128
129
129
129
129
129
129
129
129
129
129
129
129
129
129
129
129
129
129
129
129
129
129
129
129
130
131
131
131
131
131
131
131
131
131
131
131
131
131
131
131
131
131
131
131
131
131
131
131
131
131
131
131
131
131
131
131
131
131
131
131
131
132
132
132
132
132
132
132
132
132
132
132
132
132
132
132
132
132
132
132
132
132
132
132
132
132
132
132
132
132
132
132
132
132
132
133
133
133
133
133
133
133
133
138
138
138
138
138
138
138
138
138
138
138
138
138
138
139
139
139
139
139
139
139
139
139
139
180
180
180
180
180
180
180
181
181
181
181
181
181
181
181
181
181
181
181
181
181
181
181
181
181
181
181
181
181
181
181
181
181
181
181
181
181
181
181
181
181
181
181
181
181
181
181
181
181
181
181
181
181
181
181
182
182
182
182
182
182
182
182
182
182
182
182
182
182
182
182
182
182
182
182
183
183
183
183
183
183
183
183
183
183
183
183
183
183
183
183
188
188
188
188
188
188
188
189
189
189
189
189
189
189
189
189
189
189
190
190
190
191
191
191
191
191
191
191
191
191
191
191
191
191
191
191
191
191
191
191
191
191
191
191
191
191
191
191
191
191
191
191
191
192
192
192
192
192
192
192
192
192
192
192
192
192
192
192
192
192
192
192
192
192
192
192
192
192
192
192
192
192
192
192
193
193
193
193
193
193
193
193
193
193
193
193
193
193
193
193
198
198
198
198
198
198
198
198
198
198
198
198
199
199
199
199
199
199
199
199
199
200
200
200
200
200
201
201
201
201
201
201
201
201
201
201
202
203
203
203
203
203
203
203
208
208
209
209
209
209
210
210
210
210
210
210
210
210
210
210
210
210
210
210
210
210
210
210
210
211
211
211
211
211
211
211
211
211
211
211
211
211
211
211
211
211
211
211
211
211
211
211
211
211
211
211
211
211
211
211
211
211
211
211
211
211
211
211
211
211
211
211
211
211
211
211
211
211
211
211
211
211
211
211
211
211
211
211
211
211
211
211
211
211
211
211
211
211
211
211
211
211
211
211
211
211
211
211
211
211
211
211
211
211
211
211
211
211
211
211
211
211
211
211
211
211
211
211
211
211
211
211
211
211
211
211
211
211
212
212
212
212
212
212
212
212
212
212
212
212
212
212
212
212
212
212
212
212
212
212
212
212
212
212
212
212
212
213
213
213
213
213
213
213
213
213
213
213
213
213
213
213
213
213
213
213
218
218
218
218
218
218
218
218
218
218
218
218
218
218
218
218
218
218
218
218
218
218
218
218
218
218
219
219
219
219
219
219
219
219
219
219
219
219
219
219
219
220
220
220
220
220
220
221
221
221
221
221
221
221
221
221
221
221
221
221
221
221
221
221
221
221
221
221
221
221
221
221
221
221
221
222
222
223
223
223
223
223
223
223
223
223
223
228
228
228
228
228
228
228
228
229
229
229
230
230
230
231
231
231
231
231
231
231
231
231
231
231
231
231
231
231
231
231
231
231
231
231
231
231
231
232
232
233
233
233
233
238
238
238
238
238
238
238
239
239
239
239
239
239
239
239
239
239
239
239
280
281
281
281
281
281
281
281
281
281
281
281
281
281
281
281
281
281
281
281
281
281
281
281
281
281
281
281
281
282
282
282
282
282
282
283
283
283
283
283
283
283
288
288
289
289
289
289
290
290
290
290
291
291
291
291
291
291
291
291
291
291
291
291
291
291
291
291
291
291
291
291
291
291
291
291
291
291
291
291
291
291
292
292
292
292
292
292
292
293
293
293
293
298
298
298
298
298
299
299
299
299
301
301
301
301
301
301
301
301
301
302
302
302
308
309
310
310
310
311
311
311
311
311
311
311
311
311
311
311
311
311
311
311
311
311
311
311
311
311
311
311
311
311
311
311
311
311
311
311
311
311
311
311
311
311
311
311
311
311
311
311
311
311
311
311
311
311
311
311
311
311
311
311
312
312
312
312
312
312
312
312
312
312
312
312
312
312
312
312
312
312
312
312
312
312
312
318
318
318
318
318
318
318
318
318
318
318
318
318
318
318
318
319
319
319
319
319
319
319
319
319
319
319
319
319
319
319
319
319
319
319
319
319
319
319
319
319
319
319
319
320
321
321
321
321
321
321
321
321
321
321
321
321
321
321
321
321
321
321
321
321
321
321
321
321
321
321
321
321
321
321
322
322
322
322
322
322
322
322
322
322
322
322
322
328
328
328
328
328
328
328
329
329
329
329
329
329
329
329
329
329
329
329
329
380
380
381
381
381
381
381
381
381
381
381
381
381
381
381
381
381
381
381
382
382
382
382
382
382
382
382
388
388
388
389
389
389
389
389
391
391
391
391
391
391
391
391
391
391
391
391
391
391
391
391
391
392
392
392
392
392
392
392
392
392
392
398
399
399
399
399
399
800
801
801
801
801
801
801
801
801
801
801
801
802
802
802
802
803
803
803
803
803
809
809
810
810
810
810
810
810
811
811
811
811
811
811
811
811
811
811
811
811
811
811
811
811
811
811
811
811
811
811
811
811
811
811
811
811
811
811
811
811
811
811
811
811
811
811
811
811
811
811
811
811
811
811
811
811
811
811
811
811
811
811
811
811
811
812
812
812
812
812
812
812
812
812
812
812
812
812
812
812
812
812
812
812
812
812
812
812
812
812
812
812
812
812
812
812
812
812
812
812
813
813
813
813
813
813
813
813
813
813
813
813
813
813
813
813
813
813
813
813
813
813
819
819
819
819
819
819
820
820
820
820
820
820
820
820
820
821
821
821
821
821
821
821
821
821
821
821
821
821
821
821
821
821
821
821
821
821
821
821
821
821
821
821
821
821
821
821
821
822
822
822
822
822
822
822
822
822
823
823
829
829
829
829
829
829
831
831
831
831
831
831
831
831
831
831
831
831
831
831
831
831
831
832
832
832
832
832
832
832
832
832
832
832
833
833
833
839
890
890
890
891
891
891
891
891
891
891
891
891
891
891
891
891
891
891
891
892
892
892
892
892
892
892
892
892
892
892
892
893
893
893
899
900
901
901
901
901
901
901
901
902
902
902
903
903
903
908
910
910
910
910
910
910
910
910
910
911
911
911
911
911
911
911
911
911
911
911
911
911
911
911
911
911
911
911
911
911
911
911
911
911
911
911
911
911
911
911
911
911
911
911
911
911
911
911
911
911
911
911
911
911
911
911
911
911
911
911
911
912
912
912
912
912
912
912
912
912
912
912
912
912
912
912
912
912
912
912
912
912
912
912
912
912
912
912
912
913
913
913
913
913
913
913
913
913
913
913
913
913
913
913
913
913
913
913
918
918
918
918
918
918
918
918
918
918
918
918
918
918
918
918
918
918
918
918
918
918
920
920
920
920
920
920
921
921
921
921
921
921
921
921
921
921
921
921
921
921
921
921
921
921
922
922
922
922
922
922
922
922
922
923
923
923
923
928
928
928
928
928
928
928
928
930
930
930
930
931
931
931
931
931
931
931
931
931
931
931
931
931
931
932
932
932
932
932
932
932
933
933
933
933
938
938
938
981
981
981
981
981
981
981
981
981
981
981
981
982
982
982
982
983
983
983
983
983
983
983
983
983
988
988
1011
1011
1011
1011
1011
1011
1011
1011
1011
1011
1011
1011
1011
1011
1011
1011
1011
1011
1011
1011
1011
1011
1011
1011
1011
1011
1011
1011
1011
1011
1011
1011
1011
1011
1011
1011
1011
1011
1011
1011
1012
1012
1012
1012
1012
1012
1012
1012
1012
1012
1012
1012
1012
1012
1012
1012
1012
1012
1012
1012
1012
1012
1012
1012
1012
1012
1012
1012
1012
1012
1012
1012
1012
1012
1012
1012
1012
1012
1012
1012
1013
1013
1013
1013
1013
1013
1013
1013
1013
1013
1013
1013
1013
1013
1013
1013
1013
1013
1013
1013
1013
1013
1018
1018
1018
1018
1018
1018
1018
1018
1018
1018
1018
1018
1018
1019
1019
1019
1019
1019
1019
1019
1019
1019
1019
1019
1019
1019
1019
1019
1019
1019
1019
1021
1021
1021
1021
1021
1021
1021
1021
1021
1021
1021
1021
1021
1021
1021
1021
1021
1021
1021
1021
1021
1021
1021
1021
1021
1021
1021
1021
1021
1021
1021
1021
1021
1021
1021
1021
1021
1022
1022
1022
1022
1022
1022
1022
1022
1022
1022
1022
1023
1023
1023
1023
1023
1023
1023
1023
1023
1023
1023
1023
1023
1023
1023
1028
1028
1028
1028
1028
1028
1028
1028
1028
1028
1028
1028
1029
1029
1029
1029
1029
1029
1029
1029
1029
1029
1029
1029
1029
1029
1031
1031
1031
1031
1031
1031
1031
1031
1031
1031
1031
1031
1032
1032
1032
1032
1032
1032
1032
1032
1032
1032
1032
1032
1032
1032
1032
1032
1032
1032
1038
1038
1038
1038
1038
1038
1038
1038
1038
1038
1038
1039
1039
1039
1039
1039
1039
1039
1039
1039
1039
1081
1081
1081
1081
1081
1081
1081
1081
1081
1081
1081
1081
1081
1081
1081
1081
1081
1081
1081
1081
1081
1081
1081
1081
1082
1082
1082
1082
1082
1082
1082
1082
1082
1082
1082
1083
1083
1083
1083
1083
1083
1083
1089
1089
1089
1089
1091
1091
1091
1091
1091
1091
1091
1091
1091
1091
1091
1091
1091
1091
1091
1092
1092
1092
1092
1092
1092
1092
1092
1092
1093
1093
1093
1093
1093
1093
1098
1098
1098
1098
1098
1098
1098
1098
1101
1101
1101
1101
1101
1101
1101
1101
1101
1101
1101
1101
1101
1101
1101
1101
1101
1101
1101
1101
1101
1101
1101
1101
1101
1101
1101
1101
1101
1101
1101
1101
1102
1102
1102
1102
1102
1102
1102
1102
1102
1102
1102
1102
1102
1102
1102
1102
1102
1102
1102
1102
1102
1102
1102
1102
1102
1102
1102
1102
1103
1103
1103
1103
1103
1103
1103
1103
1103
1103
1103
1103
1103
1103
1103
1103
1103
1103
1103
1103
1103
1103
1103
1103
1103
1108
1108
1108
1108
1108
1108
1108
1108
1108
1108
1108
1108
1108
1108
1108
1108
1108
1108
1109
1109
1109
1109
1109
1109
1109
1109
1109
1109
1109
1109
1109
1109
1109
1109
1109
1109
1109
1109
1109
1109
1109
1109
1109
1110
1110
1110
1110
1110
1110
1110
1110
1110
1110
1110
1110
1110
1110
1110
1110
1110
1110
1110
1110
1110
1110
1110
1110
1110
1110
1110
1110
1111
1111
1111
1111
1111
1111
1111
1111
1111
1111
1111
1111
1111
1111
1111
1111
1111
1111
1111
1111
1111
1111
1111
1111
1111
1111
1111
1111
1111
1111
1111
1111
1111
1111
1111
1111
1112
1112
1112
1112
1112
1112
1112
1112
1112
1112
1112
1112
1112
1112
1112
1112
1112
1112
1112
1112
1112
1112
1112
1112
1112
1112
1112
1112
1112
1112
1112
1112
1112
1112
1112
1112
1112
1112
1112
1112
1112
1112
1112
1112
1112
1112
1112
1112
1112
1112
1112
1112
1112
1112
1112
1112
1112
1112
1112
1112
1112
1112
1112
1112
1112
1112
1112
1112
1112
1112
1112
1112
1112
1112
1112
1112
1112
1113
1113
1113
1113
1113
1113
1113
1113
1113
1113
1113
1113
1113
1113
1113
1113
1113
1113
1113
1113
1113
1113
1113
1113
1113
1113
1113
1113
1113
1113
1113
1113
1113
1113
1113
1113
1113
1118
1118
1118
1118
1118
1118
1118
1118
1118
1118
1118
1118
1118
1118
1118
1118
1118
1118
1118
1118
1118
1118
1118
1118
1118
1118
1118
1118
1118
1119
1119
1119
1119
1119
1119
1119
1119
1119
1119
1119
1119
1119
1119
1119
1119
1119
1119
1119
1119
1119
1119
1119
1119
1119
1119
1119
1119
1119
1119
1119
1119
1119
1119
1119
1119
1119
1119
1120
1120
1120
1120
1120
1120
1120
1120
1120
1120
1120
1120
1120
1120
1120
1120
1120
1120
1120
1120
1120
1120
1120
1120
1120
1120
1120
1120
1120
1120
1120
1120
1120
1121
1121
1121
1121
1121
1121
1121
1121
1121
1121
1121
1121
1121
1121
1121
1121
1121
1121
1121
1121
1121
1121
1121
1121
1121
1121
1121
1121
1121
1121
1121
1121
1121
1121
1121
1121
1121
1121
1121
1121
1121
1121
1121
1121
1121
1121
1121
1121
1121
1121
1121
1121
1121
1121
1121
1121
1121
1121
1121
1121
1121
1121
1121
1121
1122
1122
1122
1122
1122
1122
1122
1122
1122
1122
1122
1122
1122
1122
1122
1122
1122
1122
1122
1122
1122
1122
1122
1122
1122
1122
1122
1122
1122
1122
1122
1122
1123
1123
1123
1123
1123
1123
1123
1123
1123
1123
1123
1123
1123
1123
1123
1123
1123
1123
1123
1123
1123
1123
1123
1123
1123
1123
1123
1123
1123
1123
1123
1128
1128
1128
1128
1128
1128
1128
1128
1128
1128
1128
1128
1128
1128
1128
1128
1128
1128
1128
1128
1128
1128
1128
1128
1128
1128
1128
1128
1128
1128
1128
1128
1128
1129
1129
1129
1129
1129
1129
1129
1129
1129
1129
1129
1129
1129
1129
1129
1129
1129
1129
1129
1129
1129
1129
1129
1129
1129
1129
1129
1129
1129
1129
1129
1129
1129
1129
1129
1129
1130
1130
1130
1130
1130
1130
1130
1130
1130
1130
1130
1130
1130
1130
1130
1130
1130
1131
1131
1131
1131
1131
1131
1131
1131
1131
1131
1131
1131
1131
1131
1131
1131
1131
1131
1131
1131
1131
1131
1131
1131
1131
1131
1131
1131
1131
1131
1131
1131
1131
1131
1131
1131
1131
1132
1132
1132
1132
1132
1132
1132
1132
1132
1132
1132
1132
1132
1132
1132
1132
1132
1132
1132
1132
1132
1132
1132
1132
1132
1132
1132
1132
1132
1132
1132
1132
1132
1132
1138
1138
1138
1138
1138
1138
1138
1138
1138
1138
1138
1138
1138
1138
1138
1138
1138
1138
1138
1138
1138
1138
1138
1139
1139
1139
1139
1139
1139
1139
1139
1139
1139
1139
1139
1139
1139
1139
1139
1139
1139
1139
1180
1180
1180
1180
1180
1180
1180
1180
1180
1180
1180
1180
1181
1181
1181
1181
1181
1181
1181
1181
1181
1181
1181
1181
1181
1181
1181
1181
1181
1181
1181
1181
1181
1181
1181
1181
1181
1181
1181
1181
1181
1181
1181
1181
1181
1181
1181
1181
1181
1181
1181
1181
1181
1181
1181
1181
1181
1182
1182
1182
1182
1182
1182
1182
1182
1182
1182
1182
1182
1182
1182
1182
1182
1182
1182
1182
1182
1182
1182
1182
1182
1182
1182
1182
1182
1182
1182
1182
1182
1182
1182
1182
1182
1182
1182
1182
1182
1182
1183
1183
1183
1183
1183
1183
1183
1183
1183
1183
1183
1183
1183
1183
1183
1183
1183
1183
1189
1189
1189
1189
1189
1189
1189
1189
1189
1189
1189
1189
1189
1189
1189
1189
1189
1189
1190
1190
1190
1190
1190
1190
1190
1190
1190
1190
1190
1190
1190
1190
1191
1191
1191
1191
1191
1191
1191
1191
1191
1191
1191
1191
1191
1191
1191
1191
1191
1191
1191
1191
1191
1191
1191
1191
1191
1191
1191
1191
1191
1191
1191
1191
1191
1191
1191
1191
1191
1192
1192
1192
1192
1192
1192
1192
1192
1192
1192
1192
1192
1192
1192
1192
1192
1192
1192
1192
1192
1192
1192
1192
1192
1192
1192
1192
1192
1192
1192
1192
1192
1192
1192
1192
1192
1193
1193
1193
1193
1193
1193
1193
1193
1193
1193
1193
1193
1193
1193
1193
1198
1198
1198
1198
1198
1198
1198
1198
1198
1198
1198
1198
1198
1198
1198
1201
1201
1201
1201
1201
1201
1201
1201
1201
1201
1201
1201
1201
1201
1201
1201
1201
1201
1201
1201
1201
1201
1201
1201
1201
1201
1201
1201
1201
1201
1201
1201
1201
1201
1201
1202
1202
1202
1202
1202
1202
1202
1202
1202
1202
1202
1202
1202
1202
1203
1203
1203
1203
1203
1203
1203
1203
1203
1203
1208
1208
1208
1208
1208
1208
1208
1208
1208
1208
1208
1208
1208
1208
1208
1208
1208
1208
1208
1208
1209
1209
1209
1209
1209
1209
1209
1209
1209
1209
1209
1209
1210
1210
1210
1210
1210
1210
1210
1210
1210
1210
1210
1210
1210
1210
1210
1210
1210
1210
1210
1210
1210
1210
1210
1210
1210
1210
1210
1210
1210
1210
1210
1210
1210
1210
1211
1211
1211
1211
1211
1211
1211
1211
1211
1211
1211
1211
1211
1211
1211
1211
1211
1211
1211
1211
1211
1211
1211
1211
1211
1211
1211
1211
1211
1211
1211
1211
1211
1211
1211
1211
1211
1211
1211
1211
1211
1211
1211
1211
1211
1211
1211
1211
1211
1211
1211
1211
1211
1211
1211
1211
1211
1211
1211
1211
1211
1211
1211
1211
1211
1211
1211
1211
1211
1211
1211
1212
1212
1212
1212
1212
1212
1212
1212
1212
1212
1212
1212
1212
1212
1212
1212
1212
1212
1212
1212
1212
1212
1212
1212
1212
1212
1212
1212
1212
1212
1212
1212
1212
1212
1212
1212
1212
1212
1212
1212
1213
1213
1213
1213
1213
1213
1213
1213
1213
1213
1213
1213
1213
1213
1213
1213
1213
1213
1213
1213
1213
1213
1213
1213
1213
1213
1213
1213
1213
1213
1213
1213
1213
1213
1213
1213
1213
1218
1218
1218
1218
1218
1218
1218
1218
1218
1218
1218
1218
1218
1218
1218
1218
1218
1218
1218
1218
1218
1218
1218
1218
1218
1218
1218
1218
1218
1218
1218
1218
1218
1218
1218
1218
1218
1218
1218
1218
1218
1218
1218
1218
1218
1219
1219
1219
1219
1219
1219
1219
1219
1219
1219
1219
1219
1219
1219
1219
1219
1219
1219
1219
1219
1219
1219
1219
1219
1219
1219
1219
1219
1219
1220
1220
1220
1220
1220
1220
1220
1220
1220
1220
1220
1220
1220
1220
1220
1221
1221
1221
1221
1221
1221
1221
1221
1221
1221
1221
1221
1221
1221
1221
1221
1221
1221
1221
1221
1221
1221
1221
1221
1221
1221
1221
1221
1221
1221
1221
1221
1221
1223
1223
1223
1223
1223
1223
1223
1223
1223
1223
1223
1223
1228
1228
1228
1228
1228
1228
1228
1228
1228
1228
1228
1228
1228
1228
1228
1228
1228
1228
1228
1228
1228
1228
1229
1229
1229
1229
1229
1229
1229
1229
1229
1229
1229
1229
1229
1229
1230
1230
1230
1230
1230
1230
1230
1230
1230
1230
1230
1231
1231
1231
1231
1231
1231
1231
1231
1231
1231
1231
1231
1231
1231
1231
1231
1231
1231
1231
1231
1231
1231
1231
1231
1231
1231
1231
1231
1232
1232
1232
1232
1232
1232
1232
1232
1232
1232
1232
1232
1232
1238
1238
1238
1238
1238
1238
1238
1238
1238
1238
1238
1238
1238
1239
1239
1239
1239
1239
1239
1239
1239
1239
1239
1239
1239
1280
1280
1280
1280
1280
1280
1280
1280
1280
1280
1280
1280
1280
1280
1280
1281
1281
1281
1281
1281
1281
1281
1281
1281
1281
1281
1281
1281
1281
1281
1281
1281
1281
1281
1281
1281
1281
1281
1281
1281
1281
1281
1281
1281
1281
1281
1281
1281
1281
1281
1281
1281
1281
1281
1281
1281
1281
1281
1282
1282
1282
1282
1282
1282
1282
1282
1282
1282
1282
1283
1283
1283
1283
1283
1283
1283
1283
1283
1283
1283
1283
1289
1289
1289
1289
1289
1289
1289
1290
1290
1290
1290
1290
1290
1290
1290
1290
1290
1290
1290
1291
1291
1291
1291
1291
1291
1291
1291
1291
1291
1291
1291
1291
1291
1291
1291
1291
1291
1291
1291
1291
1291
1291
1291
1291
1291
1291
1291
1291
1291
1291
1291
1291
1291
1291
1291
1291
1291
1292
1292
1292
1292
1292
1292
1292
1292
1292
1293
1293
1293
1293
1293
1293
1293
1293
1293
1293
1298
1298
1298
1298
1298
1298
1298
1298
1298
1298
1298
1298
1298
1298
1298
1298
1301
1301
1301
1301
1301
1301
1301
1301
1301
1301
1301
1301
1301
1301
1301
1301
1301
1301
1301
1301
1301
1301
1302
1302
1302
1302
1302
1302
1302
1302
1302
1308
1308
1308
1308
1308
1308
1308
1308
1308
1309
1309
1309
1309
1309
1309
1309
1310
1310
1310
1310
1310
1310
1310
1310
1310
1310
1310
1310
1310
1310
1310
1310
1310
1310
1310
1310
1311
1311
1311
1311
1311
1311
1311
1311
1311
1311
1311
1311
1311
1311
1311
1311
1311
1311
1311
1311
1311
1311
1311
1311
1311
1311
1311
1311
1311
1311
1311
1311
1311
1311
1311
1311
1311
1311
1311
1311
1311
1311
1311
1311
1311
1311
1311
1311
1311
1311
1312
1312
1312
1312
1312
1312
1312
1312
1312
1312
1312
1312
1312
1312
1312
1312
1312
1312
1312
1312
1312
1312
1312
1312
1312
1312
1312
1312
1312
1312
1312
1312
1312
1312
1312
1312
1312
1312
1312
1312
1312
1312
1312
1312
1312
1318
1318
1318
1318
1318
1318
1318
1318
1318
1318
1318
1318
1318
1318
1318
1318
1318
1318
1318
1318
1318
1318
1318
1318
1319
1319
1319
1319
1319
1319
1319
1319
1319
1319
1319
1319
1319
1319
1319
1319
1319
1319
1319
1319
1319
1319
1319
1319
1319
1320
1320
1320
1320
1320
1321
1321
1321
1321
1321
1321
1321
1321
1321
1321
1321
1321
1321
1321
1321
1321
1321
1321
1321
1321
1321
1321
1321
1321
1321
1321
1321
1321
1321
1321
1321
1321
1321
1322
1322
1322
1322
1322
1322
1322
1322
1322
1322
1322
1322
1322
1328
1328
1328
1328
1328
1328
1328
1328
1328
1328
1328
1328
1328
1329
1329
1329
1329
1329
1329
1329
1329
1329
1329
1380
1380
1380
1380
1380
1380
1380
1380
1381
1381
1381
1381
1381
1381
1381
1381
1381
1381
1381
1381
1382
1382
1382
1382
1382
1382
1382
1382
1389
1389
1389
1389
1389
1389
1389
1389
1389
1390
1390
1390
1390
1390
1390
1390
1390
1390
1390
1390
1390
1391
1391
1391
1391
1391
1391
1391
1391
1391
1391
1391
1391
1391
1391
1391
1391
1391
1391
1391
1391
1391
1392
1392
1392
1392
1392
1392
1392
1392
1392
1392
1398
1398
1398
1398
1398
1398
1398
1398
1398
1398
1398
1398
1801
1801
1801
1801
1801
1801
1801
1801
1801
1801
1801
1801
1801
1802
1802
1802
1802
1802
1802
1802
1803
1803
1803
1803
1803
1803
1803
1803
1803
1803
1809
1809
1809
1809
1809
1809
1809
1809
1810
1810
1810
1810
1810
1810
1810
1810
1810
1810
1810
1810
1810
1810
1810
1810
1810
1810
1810
1810
1810
1810
1811
1811
1811
1811
1811
1811
1811
1811
1811
1811
1811
1811
1811
1811
1811
1811
1811
1811
1811
1811
1811
1811
1811
1811
1811
1811
1811
1811
1811
1811
1811
1811
1811
1811
1811
1811
1811
1811
1811
1811
1811
1811
1812
1812
1812
1812
1812
1812
1812
1812
1812
1812
1812
1812
1812
1812
1812
1812
1812
1812
1812
1812
1812
1812
1812
1812
1812
1812
1812
1812
1812
1812
1812
1812
1812
1812
1812
1812
1812
1812
1812
1812
1812
1812
1812
1812
1812
1812
1812
1812
1812
1812
1813
1813
1813
1813
1813
1813
1813
1813
1813
1813
1813
1813
1813
1813
1813
1813
1813
1813
1813
1813
1813
1813
1813
1819
1819
1819
1819
1819
1819
1819
1819
1819
1819
1819
1819
1819
1819
1819
1819
1819
1819
1819
1819
1819
1819
1820
1820
1820
1820
1820
1820
1820
1820
1820
1820
1821
1821
1821
1821
1821
1821
1821
1821
1821
1821
1821
1821
1821
1821
1821
1821
1821
1821
1821
1821
1821
1821
1821
1821
1821
1821
1821
1821
1821
1821
1821
1821
1821
1821
1821
1821
1821
1822
1822
1822
1822
1822
1822
1822
1822
1822
1822
1822
1822
1822
1823
1823
1823
1823
1823
1829
1829
1829
1829
1829
1829
1829
1829
1829
1829
1830
1830
1830
1830
1830
1830
1831
1831
1831
1831
1831
1831
1831
1831
1831
1831
1831
1831
1831
1831
1831
1832
1832
1832
1832
1832
1832
1832
1832
1832
1832
1832
1832
1839
1839
1839
1839
1839
1839
1839
1839
1890
1890
1890
1890
1890
1891
1891
1891
1891
1891
1891
1891
1891
1891
1891
1891
1891
1891
1891
1891
1891
1891
1891
1891
1892
1892
1892
1892
1892
1892
1892
1892
1892
1893
1893
1893
1893
1893
1893
1901
1901
1901
1901
1901
1901
1901
1901
1901
1901
1901
1901
1901
1901
1902
1902
1902
1902
1902
1902
1902
1902
1903
1903
1903
1903
1903
1903
1908
1908
1908
1910
1910
1910
1910
1910
1910
1910
1910
1910
1910
1910
1910
1910
1911
1911
1911
1911
1911
1911
1911
1911
1911
1911
1911
1911
1911
1911
1911
1911
1911
1911
1911
1911
1911
1911
1911
1911
1911
1911
1911
1912
1912
1912
1912
1912
1912
1912
1912
1912
1912
1912
1912
1912
1912
1912
1912
1912
1912
1912
1912
1912
1912
1912
1912
1912
1912
1912
1912
1912
1912
1913
1913
1913
1913
1913
1913
1913
1913
1913
1913
1913
1913
1913
1913
1913
1913
1913
1913
1913
1913
1913
1918
1918
1918
1918
1918
1918
1918
1918
1918
1918
1918
1918
1918
1918
1920
1920
1920
1920
1920
1920
1920
1920
1920
1920
1920
1921
1921
1921
1921
1921
1921
1921
1921
1921
1921
1921
1921
1921
1921
1921
1921
1921
1921
1921
1921
1921
1921
1921
1921
1921
1921
1921
1921
1921
1921
1921
1921
1921
1922
1922
1922
1922
1922
1922
1922
1922
1922
1922
1922
1922
1922
1922
1923
1923
1923
1923
1923
1923
1923
1923
1923
1923
1923
1923
1923
1928
1928
1928
1928
1928
1928
1928
1928
1928
1928
1928
1928
1928
1928
1930
1930
1930
1930
1930
1930
1931
1931
1931
1931
1931
1931
1931
1931
1931
1931
1931
1931
1931
1931
1931
1931
1931
1931
1931
1931
1931
1931
1932
1932
1932
1932
1932
1932
1932
1932
1932
1932
1932
1932
1932
1938
1938
1938
1938
1938
1938
1980
1980
1980
1980
1980
1980
1980
1980
1980
1980
1980
1980
1980
1980
1981
1981
1981
1981
1981
1981
1981
1981
1981
1981
1981
1981
1981
1981
1981
1981
1981
1981
1981
1981
1981
1981
1981
1981
1982
1982
1982
1982
1982
1982
1982
1982
1982
1982
1982
1982
1982
1982
1982
1983
1983
1983
1983
1983
1983
1983
1983
2011
2011
2011
2011
2011
2011
2011
2011
2011
2011
2011
2011
2011
2011
2011
2011
2011
2011
2011
2011
2011
2011
2011
2011
2011
2011
2011
2011
2011
2011
2011
2011
2011
2011
2011
2011
2011
2011
2011
2011
2011
2011
2012
2012
2012
2012
2012
2012
2012
2013
2013
2013
2013
2013
2013
2013
2013
2013
2013
2013
2013
2013
2013
2013
2018
2018
2018
2018
2018
2018
2018
2018
2018
2018
2018
2018
2018
2018
2018
2019
2019
2019
2019
2019
2019
2019
2019
2019
2019
2019
2019
2021
2021
2021
2021
2021
2021
2021
2021
2021
2021
2021
2023
2028
2028
2028
2031
2031
2031
2031
2031
2031
2031
2031
2031
2032
2032
2032
2032
2038
2038
2038
2038
2038
2039
2039
2039
2039
2081
2081
2081
2081
2081
2081
2081
2081
2081
2082
2082
2083
2083
2083
2083
2083
2089
2089
2089
2089
2089
2091
2091
2091
2091
2091
2091
2091
2091
2092
2092
2093
2093
2093
2093
2098
2098
2101
2101
2101
2101
2101
2101
2101
2101
2101
2101
2101
2101
2101
2101
2101
2101
2101
2101
2101
2101
2101
2101
2101
2101
2101
2101
2101
2101
2101
2101
2101
2101
2101
2101
2101
2101
2101
2101
2101
2101
2101
2101
2101
2101
2101
2101
2101
2101
2101
2101
2101
2102
2102
2102
2102
2102
2102
2102
2102
2102
2102
2102
2102
2102
2102
2102
2103
2103
2103
2103
2103
2103
2103
2103
2103
2103
2103
2103
2103
2103
2108
2108
2108
2108
2108
2108
2108
2109
2109
2109
2109
2109
2109
2109
2109
2109
2109
2109
2110
2110
2110
2110
2110
2110
2110
2110
2110
2110
2110
2110
2110
2110
2110
2110
2110
2110
2110
2110
2110
2110
2110
2110
2110
2110
2110
2110
2110
2110
2110
2110
2110
2110
2110
2110
2110
2110
2110
2110
2110
2110
2110
2110
2110
2110
2110
2110
2110
2110
2110
2110
2110
2110
2110
2110
2110
2110
2110
2111
2111
2111
2111
2111
2111
2111
2111
2111
2111
2111
2111
2111
2111
2111
2111
2111
2111
2111
2111
2111
2111
2111
2111
2111
2111
2111
2111
2111
2111
2111
2111
2111
2111
2111
2111
2111
2111
2111
2111
2111
2111
2111
2111
2111
2111
2111
2111
2111
2111
2111
2111
2111
2111
2111
2111
2111
2111
2111
2111
2111
2111
2111
2111
2112
2112
2112
2112
2112
2112
2112
2112
2112
2112
2112
2112
2112
2112
2112
2112
2112
2112
2112
2112
2112
2112
2112
2112
2112
2112
2112
2112
2112
2112
2112
2112
2112
2112
2112
2112
2112
2112
2112
2112
2112
2112
2112
2113
2113
2113
2113
2113
2113
2113
2113
2113
2113
2113
2113
2113
2113
2113
2113
2113
2113
2113
2113
2113
2113
2113
2113
2113
2113
2113
2113
2113
2113
2113
2113
2118
2118
2118
2118
2118
2118
2118
2118
2118
2118
2118
2118
2118
2118
2118
2118
2118
2118
2118
2118
2118
2118
2118
2118
2118
2118
2118
2118
2118
2118
2118
2118
2118
2118
2118
2119
2119
2119
2119
2119
2119
2119
2119
2119
2119
2119
2119
2119
2119
2119
2119
2119
2119
2119
2119
2119
2119
2119
2119
2119
2119
2119
2119
2119
2119
2119
2119
2119
2119
2119
2119
2119
2119
2119
2119
2120
2120
2120
2120
2120
2120
2120
2120
2120
2120
2120
2120
2120
2120
2121
2121
2121
2121
2121
2121
2121
2121
2121
2121
2121
2121
2121
2121
2121
2121
2121
2121
2121
2121
2121
2121
2121
2121
2121
2121
2121
2121
2121
2121
2121
2121
2121
2121
2121
2121
2121
2121
2121
2121
2121
2121
2121
2123
2123
2123
2123
2123
2123
2123
2123
2123
2123
2123
2123
2123
2123
2128
2128
2128
2128
2128
2128
2128
2128
2128
2129
2129
2129
2129
2129
2129
2129
2129
2129
2129
2129
2129
2129
2129
2129
2130
2130
2130
2130
2130
2130
2130
2130
2130
2130
2130
2130
2130
2131
2131
2131
2131
2131
2131
2131
2131
2131
2131
2131
2131
2131
2131
2131
2131
2131
2131
2131
2131
2131
2131
2131
2131
2131
2131
2131
2131
2131
2131
2131
2131
2131
2131
2131
2131
2131
2131
2131
2131
2132
2132
2132
2132
2132
2132
2132
2132
2132
2132
2132
2132
2132
2138
2138
2138
2138
2138
2138
2138
2138
2138
2139
2139
2139
2139
2139
2139
2139
2139
2139
2139
2139
2180
2180
2180
2180
2180
2180
2180
2180
2180
2180
2180
2180
2180
2180
2180
2180
2181
2181
2181
2181
2181
2181
2181
2181
2181
2181
2181
2181
2181
2181
2181
2181
2181
2181
2181
2181
2181
2181
2181
2181
2181
2181
2181
2181
2181
2181
2181
2181
2181
2181
2181
2181
2181
2181
2181
2181
2181
2181
2181
2182
2182
2182
2182
2182
2182
2182
2182
2182
2182
2182
2182
2182
2182
2182
2182
2182
2183
2183
2183
2183
2183
2183
2183
2183
2183
2189
2189
2189
2189
2189
2189
2189
2189
2189
2189
2189
2189
2190
2190
2190
2190
2190
2190
2190
2190
2190
2190
2190
2190
2190
2190
2190
2190
2190
2191
2191
2191
2191
2191
2191
2191
2191
2191
2191
2191
2191
2191
2191
2191
2191
2191
2191
2191
2191
2191
2191
2191
2191
2191
2191
2191
2191
2191
2191
2191
2191
2191
2191
2191
2191
2191
2191
2191
2191
2191
2191
2192
2192
2192
2192
2192
2192
2192
2192
2192
2192
2192
2192
2192
2192
2193
2193
2193
2193
2193
2193
2193
2193
2193
2193
2193
2193
2193
2193
2193
2193
2193
2193
2198
2198
2198
2198
2198
2198
2198
2198
2198
2198
2198
2198
2198
2198
2198
2198
2198
2198
2201
2201
2201
2201
2201
2201
2201
2201
2201
2201
2201
2201
2201
2201
2201
2201
2201
2203
2203
2203
2203
2203
2203
2203
2203
2203
2203
2208
2208
2208
2208
2209
2209
2209
2210
2210
2210
2210
2210
2210
2210
2210
2210
2210
2210
2210
2210
2211
2211
2211
2211
2211
2211
2211
2211
2211
2211
2211
2211
2211
2211
2211
2211
2211
2211
2211
2211
2211
2211
2211
2211
2211
2211
2211
2211
2211
2211
2211
2213
2213
2213
2213
2213
2213
2213
2213
2213
2213
2213
2213
2213
2213
2213
2218
2218
2218
2218
2218
2218
2218
2218
2218
2218
2218
2218
2218
2218
2218
2218
2219
2219
2219
2219
2219
2219
2219
2219
2219
2219
2219
2219
2219
2219
2219
2219
2230
2230
2230
2231
2231
2231
2231
2231
2231
2231
2231
2231
2238
2238
2239
2239
2280
2280
2280
2280
2281
2281
2281
2281
2281
2281
2281
2281
2281
2281
2281
2281
2281
2281
2281
2281
2281
2283
2283
2289
2289
2289
2289
2290
2290
2290
2291
2291
2291
2291
2291
2291
2291
2291
2291
2291
2293
2293
2298
2298
2298
2298
2301
2301
2301
2301
2301
2301
2301
2301
2301
2301
2301
2301
2302
2302
2302
2302
2302
2302
2308
2308
2309
2309
2309
2309
2310
2310
2310
2310
2310
2310
2310
2310
2310
2310
2310
2310
2310
2310
2310
2310
2310
2310
2311
2311
2311
2311
2311
2311
2311
2311
2311
2311
2311
2311
2311
2311
2311
2311
2311
2311
2311
2311
2311
2311
2311
2311
2311
2311
2311
2311
2311
2311
2311
2311
2311
2311
2311
2311
2311
2311
2311
2312
2312
2312
2312
2312
2312
2312
2318
2318
2318
2318
2318
2318
2318
2318
2318
2318
2318
2319
2319
2319
2319
2319
2319
2319
2319
2319
2319
2319
2319
2319
2319
2319
2319
2319
2319
2320
2320
2320
2320
2321
2321
2321
2321
2321
2321
2321
2321
2321
2321
2321
2321
2321
2321
2321
2321
2321
2321
2321
2321
2328
2329
2329
2329
2380
2380
2381
2381
2381
2381
2381
2381
2381
2381
2381
2381
2381
2381
2381
2381
2381
2381
2381
2381
2381
2381
2382
2382
2389
2389
2389
2389
2390
2390
2390
2390
2390
2391
2391
2391
2391
2391
2391
2391
2391
2392
2392
2392
2392
2392
2398
2398
2398
2801
2801
2801
2801
2801
2801
2801
2801
2801
2801
2801
2801
2801
2802
2803
2803
2803
2803
2803
2809
2809
2809
2809
2809
2809
2810
2810
2810
2810
2810
2810
2810
2810
2810
2810
2810
2810
2810
2811
2811
2811
2811
2811
2811
2811
2811
2811
2811
2811
2811
2811
2811
2811
2811
2811
2811
2811
2811
2811
2811
2811
2811
2811
2811
2811
2811
2811
2811
2811
2811
2811
2811
2811
2811
2811
2812
2812
2812
2812
2812
2812
2812
2812
2812
2812
2812
2812
2812
2813
2813
2813
2813
2813
2813
2813
2813
2813
2813
2819
2819
2819
2819
2819
2819
2819
2819
2819
2819
2819
2820
2820
2820
2821
2821
2821
2821
2821
2821
2821
2821
2821
2821
2821
2821
2821
2821
2821
2821
2821
2821
2823
2823
2823
2823
2823
2823
2829
2829
2829
2830
2830
2830
2830
2830
2830
2830
2831
2831
2831
2831
2831
2831
2831
2831
2831
2831
2832
2832
2832
2832
2832
2832
2839
2839
2839
2890
2890
2890
2891
2891
2891
2891
2891
2891
2891
2891
2891
2891
2892
2892
2893
2893
2893
2893
2893
2893
2901
2901
2901
2901
2901
2901
2901
2901
2901
2901
2902
2902
2902
2902
2903
2903
2903
2908
2908
2908
2910
2910
2910
2910
2910
2910
2910
2910
2910
2910
2910
2910
2910
2910
2910
2910
2910
2911
2911
2911
2911
2911
2911
2911
2911
2911
2911
2911
2911
2911
2911
2911
2911
2911
2911
2911
2911
2911
2911
2911
2911
2911
2911
2911
2911
2911
2911
2911
2912
2912
2912
2912
2912
2912
2912
2912
2912
2912
2913
2913
2913
2913
2913
2913
2913
2913
2913
2913
2918
2918
2918
2918
2918
2918
2918
2918
2918
2918
2918
2918
2920
2920
2920
2921
2921
2921
2921
2921
2921
2921
2921
2921
2921
2921
2921
2923
2923
2923
2928
2928
2928
2928
2930
2930
2931
2931
2931
2931
2931
2931
2931
2931
2932
2932
2932
2938
2938
2938
2980
2981
2981
2981
2981
2981
2981
2981
2981
2981
2981
2981
2981
2981
2981
2981
2981
2981
2981
2981
2981
2981
2981
2982
2983
2983
2983
3011
3011
3011
3011
3011
3011
3011
3011
3011
3011
3011
3011
3011
3011
3011
3011
3011
3012
3012
3012
3012
3012
3012
3012
3012
3012
3012
3018
3018
3018
3018
3018
3018
3018
3018
3018
3018
3019
3019
3019
3019
3019
3019
3019
3019
3019
3019
3021
3021
3021
3021
3021
3021
3021
3021
3021
3021
3021
3021
3021
3021
3021
3021
3021
3022
3022
3022
3022
3022
3028
3028
3028
3028
3029
3029
3029
3081
3081
3081
3081
3081
3081
3082
3082
3082
3089
3091
3091
3091
3091
3091
3091
3091
3092
3092
3092
3098
3098
3101
3101
3101
3101
3101
3101
3101
3101
3101
3101
3101
3101
3101
3101
3101
3101
3101
3101
3101
3101
3101
3101
3101
3101
3101
3102
3102
3102
3102
3102
3102
3102
3108
3108
3108
3108
3108
3108
3108
3109
3109
3109
3109
3109
3109
3109
3109
3109
3109
3109
3110
3110
3110
3110
3110
3110
3110
3110
3110
3110
3110
3110
3110
3110
3110
3110
3110
3110
3110
3110
3110
3110
3111
3111
3111
3111
3111
3111
3111
3111
3111
3111
3111
3111
3111
3111
3111
3111
3111
3111
3111
3111
3111
3111
3111
3111
3111
3111
3111
3111
3111
3111
3111
3111
3111
3111
3111
3111
3111
3111
3111
3111
3111
3111
3111
3111
3111
3111
3111
3112
3112
3112
3112
3112
3112
3112
3112
3112
3112
3112
3112
3112
3112
3112
3112
3112
3112
3112
3112
3112
3112
3112
3112
3112
3112
3112
3112
3112
3112
3112
3112
3112
3112
3112
3112
3112
3112
3112
3112
3112
3112
3112
3112
3112
3112
3112
3112
3112
3112
3118
3118
3118
3118
3118
3118
3118
3118
3118
3118
3118
3118
3118
3118
3118
3118
3118
3118
3118
3118
3118
3118
3118
3118
3118
3118
3119
3119
3119
3119
3119
3119
3119
3119
3119
3119
3119
3119
3119
3119
3119
3119
3119
3119
3119
3119
3119
3119
3119
3119
3119
3119
3119
3119
3119
3119
3119
3119
3119
3120
3120
3120
3120
3120
3120
3120
3120
3120
3120
3120
3120
3120
3120
3120
3120
3120
3121
3121
3121
3121
3121
3121
3121
3121
3121
3121
3121
3121
3121
3121
3121
3121
3121
3121
3121
3121
3121
3121
3121
3121
3121
3121
3121
3121
3121
3121
3121
3121
3121
3121
3121
3121
3121
3121
3121
3121
3121
3121
3121
3121
3121
3121
3121
3121
3121
3121
3122
3122
3122
3122
3122
3122
3122
3122
3122
3122
3122
3122
3122
3122
3128
3128
3128
3128
3128
3128
3128
3128
3128
3128
3128
3128
3128
3128
3128
3129
3129
3129
3129
3129
3129
3129
3129
3129
3129
3129
3129
3129
3129
3180
3180
3180
3180
3180
3180
3180
3181
3181
3181
3181
3181
3181
3181
3181
3181
3181
3181
3181
3181
3181
3181
3181
3181
3181
3181
3181
3181
3181
3181
3181
3181
3181
3182
3182
3182
3182
3182
3182
3182
3182
3182
3182
3182
3182
3182
3182
3182
3182
3182
3182
3189
3189
3189
3189
3189
3189
3190
3190
3190
3190
3190
3190
3191
3191
3191
3191
3191
3191
3191
3191
3191
3191
3191
3191
3191
3191
3191
3191
3191
3191
3191
3191
3191
3191
3191
3191
3191
3191
3191
3191
3192
3192
3192
3192
3192
3192
3192
3192
3192
3192
3192
3192
3192
3192
3192
3198
3198
3198
3198
3198
3198
3201
3201
3201
3201
3201
3201
3201
3201
3201
3201
3201
3201
3201
3202
3202
3202
3202
3202
3202
3202
3208
3209
3209
3210
3210
3210
3210
3210
3210
3210
3210
3210
3210
3210
3210
3210
3210
3210
3211
3211
3211
3211
3211
3211
3211
3211
3211
3211
3211
3211
3211
3211
3211
3211
3211
3211
3211
3211
3211
3211
3211
3211
3211
3211
3211
3211
3211
3211
3211
3211
3211
3211
3211
3211
3211
3211
3211
3212
3212
3212
3212
3212
3212
3212
3212
3212
3212
3212
3212
3212
3212
3212
3212
3212
3212
3212
3212
3212
3218
3218
3218
3218
3218
3218
3218
3218
3218
3218
3218
3218
3219
3219
3219
3219
3219
3219
3219
3219
3219
3219
3219
3220
3220
3220
3220
3220
3221
3221
3221
3221
3221
3221
3221
3221
3221
3221
3221
3221
3221
3221
3221
3221
3228
3229
3229
3229
3280
3280
3280
3280
3280
3280
3281
3281
3281
3281
3281
3281
3281
3281
3281
3281
3281
3281
3281
3281
3281
3281
3281
3282
3282
3282
3282
3282
3289
3289
3289
3290
3290
3290
3291
3291
3291
3291
3291
3291
3291
3291
3291
3291
3291
3291
3292
3292
3298
3298
3801
3801
3801
3801
3801
3802
3802
3802
3810
3810
3810
3810
3810
3810
3810
3810
3810
3810
3811
3811
3811
3811
3811
3811
3811
3811
3811
3811
3811
3811
3811
3811
3811
3811
3811
3811
3811
3811
3811
3811
3811
3811
3811
3811
3811
3811
3812
3812
3812
3812
3812
3812
3812
3812
3812
3812
3812
3812
3812
3812
3812
3812
3812
3812
3812
3819
3819
3819
3819
3819
3819
3819
3820
3820
3820
3820
3820
3820
3821
3821
3821
3821
3821
3821
3821
3821
3821
3821
3821
3821
3821
3821
3822
3822
3822
3822
3829
3829
3829
3890
3891
3891
3891
3891
3891
3891
3891
3891
3891
3891
3891
3891
3891
3892
3892
3892
3901
3901
3901
3902
3902
3902
3902
3902
3902
3908
3908
3908
3908
3908
3908
3910
3910
3910
3910
3910
3910
3910
3911
3911
3911
3911
3911
3911
3911
3911
3911
3911
3911
3911
3911
3911
3911
3911
3911
3911
3911
3911
3911
3911
3912
3912
3912
3912
3912
3912
3912
3912
3912
3912
3912
3912
3912
3912
3912
3918
3918
3918
3918
3918
3918
3918
3918
3920
3920
3920
3921
3921
3921
3921
3921
3921
3921
3921
3921
3921
3921
3921
3921
3921
3921
3921
3921
3921
3922
3922
3928
3928
3928
3928
3928
3980
3981
3981
3981
3981
3981
3981
3981
3981
3982
3982
3982
3982
3982
3982
8011
8011
8011
8011
8011
8011
8011
8011
8011
8011
8011
8011
8011
8011
8011
8011
8011
8011
8011
8011
8011
8012
8012
8012
8012
8012
8012
8012
8012
8012
8012
8012
8012
8012
8012
8012
8012
8012
8012
8012
8012
8012
8013
8013
8013
8013
8013
8013
8013
8013
8013
8013
8013
8013
8019
8019
8019
8019
8019
8019
8019
8021
8021
8021
8021
8021
8021
8021
8021
8021
8021
8021
8021
8022
8023
8023
8023
8029
8031
8031
8031
8031
8031
8031
8031
8031
8032
8032
8032
8032
8039
8039
8091
8091
8091
8091
8091
8091
8092
8093
8093
8101
8101
8101
8101
8101
8101
8101
8101
8101
8101
8101
8101
8101
8101
8101
8101
8101
8101
8101
8101
8101
8101
8101
8101
8101
8102
8102
8102
8102
8102
8102
8102
8102
8102
8102
8102
8102
8102
8102
8102
8102
8103
8103
8103
8103
8103
8103
8103
8103
8103
8103
8103
8109
8109
8109
8109
8109
8109
8109
8109
8109
8109
8110
8110
8110
8110
8110
8110
8110
8110
8110
8110
8110
8110
8110
8110
8111
8111
8111
8111
8111
8111
8111
8111
8111
8111
8111
8111
8111
8111
8111
8111
8111
8111
8111
8111
8111
8111
8111
8111
8111
8111
8111
8111
8111
8111
8111
8111
8111
8111
8111
8111
8111
8111
8111
8111
8111
8111
8111
8111
8111
8111
8111
8112
8112
8112
8112
8112
8112
8112
8112
8112
8112
8112
8112
8112
8112
8112
8112
8112
8112
8112
8112
8112
8112
8112
8112
8112
8112
8112
8112
8112
8112
8112
8112
8112
8112
8112
8112
8112
8112
8112
8112
8113
8113
8113
8113
8113
8113
8113
8113
8113
8113
8113
8113
8113
8113
8113
8113
8113
8113
8113
8119
8119
8119
8119
8119
8119
8119
8119
8119
8119
8119
8119
8119
8119
8119
8119
8119
8119
8119
8119
8119
8120
8120
8120
8120
8120
8120
8120
8120
8120
8120
8120
8120
8120
8121
8121
8121
8121
8121
8121
8121
8121
8121
8121
8121
8121
8121
8121
8121
8121
8121
8121
8121
8121
8121
8121
8121
8121
8121
8121
8121
8121
8121
8121
8121
8121
8121
8121
8121
8121
8121
8121
8121
8121
8121
8121
8121
8121
8121
8121
8122
8122
8122
8122
8122
8122
8122
8122
8122
8122
8123
8123
8123
8123
8123
8123
8123
8123
8123
8123
8123
8123
8123
8123
8123
8129
8129
8129
8129
8129
8129
8129
8129
8129
8129
8129
8129
8129
8130
8130
8130
8130
8130
8130
8130
8130
8130
8130
8130
8130
8130
8131
8131
8131
8131
8131
8131
8131
8131
8131
8131
8131
8131
8131
8131
8131
8131
8131
8131
8131
8131
8131
8131
8131
8131
8131
8132
8132
8132
8132
8132
8132
8132
8132
8132
8132
8132
8132
8132
8132
8132
8132
8132
8139
8139
8139
8139
8139
8139
8139
8139
8139
8139
8139
8190
8190
8190
8190
8190
8190
8190
8190
8190
8191
8191
8191
8191
8191
8191
8191
8191
8191
8191
8191
8191
8191
8191
8191
8191
8191
8191
8191
8191
8191
8191
8192
8192
8192
8192
8192
8192
8192
8192
8192
8192
8192
8192
8193
8193
8193
8193
8193
8193
8193
8193
8201
8201
8201
8201
8201
8201
8201
8201
8201
8201
8201
8201
8201
8201
8201
8201
8201
8201
8202
8202
8202
8203
8203
8203
8203
8209
8209
8210
8210
8210
8210
8210
8210
8210
8210
8210
8210
8210
8210
8210
8210
8210
8210
8210
8210
8211
8211
8211
8211
8211
8211
8211
8211
8211
8211
8211
8211
8211
8211
8211
8211
8211
8211
8211
8211
8211
8211
8211
8211
8211
8211
8211
8211
8211
8211
8211
8211
8211
8211
8211
8211
8211
8211
8211
8211
8211
8211
8211
8211
8211
8212
8212
8212
8212
8212
8212
8212
8212
8212
8212
8212
8212
8212
8212
8212
8213
8213
8213
8213
8213
8213
8213
8213
8213
8213
8213
8213
8213
8213
8213
8213
8219
8219
8219
8219
8219
8219
8219
8219
8219
8219
8219
8219
8220
8220
8220
8221
8221
8221
8221
8221
8221
8221
8221
8221
8221
8221
8221
8221
8221
8223
8223
8223
8223
8223
8223
8223
8229
8229
8230
8230
8230
8230
8230
8231
8231
8231
8231
8231
8231
8231
8231
8231
8231
8232
8232
8232
8232
8239
8239
8290
8290
8290
8290
8290
8291
8291
8291
8291
8291
8291
8291
8291
8291
8291
8291
8292
8292
8292
8292
8293
8293
8293
8301
8301
8301
8301
8301
8301
8301
8301
8301
8302
8302
8302
8302
8302
8309
8309
8309
8309
8310
8310
8310
8310
8310
8310
8310
8310
8310
8311
8311
8311
8311
8311
8311
8311
8311
8311
8311
8311
8311
8311
8311
8311
8311
8311
8311
8311
8311
8311
8311
8311
8311
8311
8311
8312
8312
8312
8312
8312
8312
8312
8312
8312
8312
8312
8319
8319
8319
8320
8320
8321
8321
8321
8321
8321
8321
8321
8321
8321
8321
8321
8321
8321
8321
8322
8322
8322
8322
8322
8322
8322
8329
8329
8329
8329
8391
8391
8391
8391
8391
8391
8392
8392
8392
8392
8901
8901
8901
8901
8901
8901
8901
8903
8903
8910
8910
8910
8910
8910
8910
8910
8910
8910
8910
8910
8911
8911
8911
8911
8911
8911
8911
8911
8911
8911
8911
8911
8911
8911
8912
8912
8912
8912
8912
8912
8912
8912
8912
8912
8913
8913
8913
8920
8920
8921
8921
8921
8921
8921
8921
8921
8921
8921
8921
8921
8921
8921
8921
8922
8922
8922
8922
8923
8923
8923
8930
8930
8931
8931
8931
8931
8931
8932
8932
9011
9011
9011
9011
9011
9011
9011
9011
9011
9011
9011
9011
9011
9011
9011
9011
9011
9011
9011
9011
9011
9011
9011
9011
9011
9012
9012
9012
9012
9012
9012
9012
9012
9012
9012
9012
9012
9012
9012
9012
9013
9013
9013
9013
9013
9013
9013
9013
9013
9013
9018
9018
9018
9018
9018
9018
9018
9018
9021
9021
9021
9021
9021
9021
9021
9021
9021
9021
9021
9021
9021
9021
9021
9021
9022
9022
9022
9023
9023
9023
9023
9023
9028
9028
9028
9028
9031
9031
9031
9031
9031
9032
9032
9038
9081
9081
9081
9081
9081
9081
9081
9082
9082
9082
9083
9083
9101
9101
9101
9101
9101
9101
9101
9101
9101
9101
9101
9101
9101
9101
9101
9101
9101
9101
9101
9101
9101
9101
9102
9102
9102
9102
9102
9102
9102
9102
9102
9102
9102
9102
9102
9102
9102
9103
9103
9103
9103
9108
9108
9108
9108
9108
9108
9108
9108
9108
9110
9110
9110
9110
9110
9110
9110
9110
9110
9110
9110
9110
9110
9110
9110
9110
9110
9110
9111
9111
9111
9111
9111
9111
9111
9111
9111
9111
9111
9111
9111
9111
9111
9111
9111
9111
9111
9111
9111
9111
9111
9111
9111
9111
9111
9111
9111
9111
9111
9111
9111
9111
9111
9111
9111
9111
9111
9111
9111
9111
9111
9111
9111
9111
9111
9111
9111
9111
9111
9111
9112
9112
9112
9112
9112
9112
9112
9112
9112
9112
9112
9112
9112
9112
9112
9112
9112
9112
9112
9112
9112
9112
9112
9112
9112
9112
9112
9112
9112
9112
9112
9112
9112
9112
9112
9112
9112
9112
9113
9113
9113
9113
9113
9113
9113
9113
9113
9113
9113
9113
9113
9113
9113
9118
9118
9118
9118
9118
9118
9118
9118
9118
9118
9118
9118
9118
9118
9118
9118
9118
9118
9118
9118
9118
9120
9120
9120
9120
9120
9120
9120
9120
9120
9120
9120
9120
9120
9120
9120
9120
9120
9121
9121
9121
9121
9121
9121
9121
9121
9121
9121
9121
9121
9121
9121
9121
9121
9121
9121
9121
9121
9121
9121
9121
9121
9121
9121
9121
9121
9122
9122
9122
9122
9122
9122
9122
9122
9122
9123
9123
9123
9123
9123
9123
9123
9123
9123
9123
9123
9123
9123
9123
9123
9128
9128
9128
9128
9128
9128
9128
9128
9128
9128
9128
9128
9130
9130
9130
9130
9130
9130
9130
9131
9131
9131
9131
9131
9131
9131
9131
9131
9131
9131
9131
9131
9131
9131
9131
9131
9131
9131
9131
9131
9132
9132
9132
9132
9132
9132
9132
9132
9132
9132
9132
9132
9132
9132
9132
9132
9138
9138
9138
9138
9138
9138
9138
9138
9138
9138
9138
9180
9180
9180
9180
9180
9180
9180
9180
9180
9181
9181
9181
9181
9181
9181
9181
9181
9181
9181
9181
9181
9181
9181
9181
9181
9181
9181
9181
9181
9182
9182
9182
9182
9182
9182
9182
9182
9182
9182
9182
9182
9182
9182
9182
9182
9182
9182
9183
9183
9183
9183
9183
9183
9183
9183
9183
9183
9183
9201
9201
9201
9201
9201
9201
9201
9201
9201
9201
9201
9201
9201
9202
9203
9203
9203
9203
9208
9208
9208
9210
9210
9210
9210
9210
9210
9210
9210
9210
9210
9210
9210
9210
9211
9211
9211
9211
9211
9211
9211
9211
9211
9211
9211
9211
9211
9211
9211
9211
9211
9211
9211
9211
9211
9211
9211
9211
9211
9211
9211
9211
9211
9211
9211
9211
9211
9211
9211
9211
9211
9211
9211
9211
9211
9211
9211
9211
9211
9211
9212
9212
9212
9212
9212
9212
9212
9212
9212
9212
9212
9212
9212
9212
9212
9212
9213
9213
9213
9213
9213
9213
9213
9213
9213
9213
9213
9213
9213
9213
9213
9213
9213
9218
9218
9218
9218
9218
9218
9218
9218
9218
9218
9218
9218
9218
9218
9218
9218
9218
9218
9218
9220
9220
9220
9220
9220
9220
9220
9221
9221
9221
9221
9221
9221
9221
9221
9221
9221
9221
9221
9221
9223
9223
9223
9223
9223
9228
9228
9228
9228
9228
9228
9230
9231
9231
9231
9231
9231
9231
9231
9231
9231
9231
9231
9231
9231
9231
9231
9231
9231
9231
9231
9231
9232
9232
9238
9238
9238
9280
9280
9281
9281
9281
9281
9281
9281
9281
9281
9281
9282
9282
9282
9282
9283
9283
9283
9301
9301
9301
9301
9301
9301
9301
9301
9301
9301
9302
9302
9302
9302
9308
9308
9308
9308
9310
9310
9310
9310
9310
9310
9310
9310
9310
9310
9310
9310
9311
9311
9311
9311
9311
9311
9311
9311
9311
9311
9311
9311
9311
9311
9311
9311
9311
9311
9311
9312
9312
9312
9312
9312
9312
9312
9312
9312
9312
9312
9312
9312
9312
9318
9318
9318
9318
9318
9318
9318
9318
9318
9318
9320
9320
9320
9321
9321
9321
9321
9321
9321
9321
9321
9321
9321
9321
9321
9321
9322
9322
9322
9322
9322
9328
9328
9328
9328
9328
9380
9380
9381
9381
9381
9381
9381
9381
9381
9381
9382
9382
9382
9801
9801
9801
9801
9801
9801
9801
9801
9801
9801
9801
9802
9802
9803
9803
9810
9810
9810
9810
9810
9810
9810
9810
9811
9811
9811
9811
9811
9811
9811
9811
9811
9811
9811
9811
9811
9811
9811
9811
9811
9811
9811
9811
9811
9812
9812
9812
9812
9812
9812
9812
9812
9812
9812
9812
9812
9813
9813
9813
9813
9813
9813
9813
9813
9813
9820
9820
9821
9821
9821
9821
9821
9821
9821
9821
9821
9821
9821
9821
9821
9822
9822
9822
9822
9822
9823
9823
9830
9830
9831
9831
9831
9831
9831
9831
9832
9832
