3901
2139
9121
1022
1232
191
2318
1238
3112
2108
8101
1209
9138
311
1218
2113
211
2110
1312
910
2132
8130
132
1029
203
1201
1028
81
1813
9021
1130
9118
1193
3121
8101
91
9213
1021
8101
2321
2109
92
3908
329
3891
2811
238
139
8920
921
2118
1081
211
1112
181
1112
9811
1218
9112
3921
1931
1823
2011
2110
3011
2101
2112
3218
8201
311
2829
2289
1219
2101
198
1821
1910
2311
2321
8901
2191
9312
211
3819
1189
9138
1089
1931
2819
113
1312
831
1221
2131
9031
2132
9011
1111
1102
1201
2011
1813
1111
1131
3180
1913
2101
21
2281
2181
3011
119
312
1012
1103
1820
121
3211
3181
8121
2893
1308
1322
2118
3121
9811
1113
2938
1918
1389
108
931
1913
1182
1012
9322
2280
8191
382
9112
3191
1210
1128
9211
2103
8130
9132
1013
2829
113
1031
9220
8120
2801
1231
2181
2321
2113
2823
1083
8319
111
1813
9322
2201
8112
1921
891
2019
2101
1911
119
1038
812
218
1191
8201
23
1820
1220
1811
9121
1281
2230
3221
281
118
211
3109
292
2298
3121
1121
321
192
8103
1111
2011
2110
292
1318
911
2011
1329
181
2119
1011
3111
2039
1312
2811
9131
9321
2139
1218
9121
11
2129
1011
1181
2098
211
312
2011
1032
8121
319
2119
2131
1311
1091
111
3812
1293
2219
9111
8121
188
2812
2193
1123
9181
1932
8212
1109
9012
9112
1312
9312
2101
1311
8191
1211
2213
1912
2119
1038
2913
911
9212
1118
2391
3812
129
1832
811
9111
209
1320
2131
2083
9028
2230
1390
1109
3110
1311
891
1132
1312
9123
138
1812
1812
2110
111
2038
1328
1310
2913
9110
392
2190
3101
9228
3029
812
9110
283
2039
1011
3191
3212
1121
9208
1380
1809
19
9011
111
2213
2121
122
228
9112
9011
1182
39
3801
3018
111
1980
8211
2189
2311
120
112
1212
892
1123
291
1192
1913
211
3091
211
2118
1391
9011
1811
311
218
3290
121
9118
312
3108
1391
1212
113
9321
1829
1083
2021
2830
811
2803
2820
8191
1213
9182
9302
182
2119
3812
1211
12
2198
1801
812
2380
1228
103
1312
1928
1290
2111
291
2123
9281
9108
132
1321
2129
1301
9131
1011
1318
9218
1812
111
1120
1121
181
281
212
9128
129
1290
1981
3210
2013
3011
8221
101
228
911
1813
8210
1081
2231
1192
2138
9110
1121
2801
9211
8230
1121
8211
1312
1190
2018
231
193
1129
3118
1093
2381
2809
2190
1812
2131
1391
132
1132
1911
2013
1191
3819
3122
2191
8121
801
3028
328
3191
3290
1239
8031
3118
1191
3110
11
9120
1128
1131
91
2110
13
2830
1309
212
918
1019
2811
321
9118
8293
1381
921
1182
8101
2121
1932
8121
81
1191
3112
1031
2311
9123
121
1213
1220
111
9130
112
9311
8139
1231
1189
1312
3820
1111
1329
218
1391
1982
2103
2081
3019
918
2101
981
9112
121
112
8212
1109
1938
1821
1398
1138
1018
2191
819
3118
1920
1928
1189
2191
8930
193
9101
9132
1811
1181
9211
1182
1191
1819
211
1981
1239
2181
2891
2231
812
2132
8322
821
1213
132
112
1283
1129
1301
912
3810
8922
92
8311
800
1923
123
1281
1812
1928
2103
298
211
8312
912
9328
8129
2181
1312
1129
1130
3190
2021
9101
1189
811
2203
1221
1218
3120
9102
1201
1138
1230
11
913
3192
891
1910
101
9310
831
3821
9221
9112
211
2193
1021
8211
3181
291
111
2189
8011
1019
1228
1812
281
2130
109
123
2112
231
3011
1221
1091
2918
1118
2118
9110
1981
2811
3101
3112
1232
1129
3212
191
3129
8011
821
3219
139
1128
2130
2311
3219
2121
1912
1091
3218
9111
1112
2110
2289
1921
3112
1012
1101
1210
8329
311
2819
101
3121
1283
3121
81
112
3118
1302
3291
1023
193
1
2110
1112
9132
2821
118
239
1291
1132
2190
2103
180
821
1318
8912
2890
1312
212
1390
131
319
3182
1011
1219
2189
1819
1111
2019
1192
3891
1921
132
1129
1131
9832
918
3112
9118
2101
9381
8130
9138
3182
120
1081
3921
8112
1108
1111
11
1819
8209
918
1182
113
2901
3910
289
3111
1310
1319
2112
19
8101
1298
903
912
200
1318
2913
8392
1192
2911
3119
3921
3129
1912
1291
1023
981
3120
2913
108
2821
1081
3112
2302
8131
821
1112
1831
1119
19
1191
2132
3121
1182
3018
3812
3191
911
210
2112
9013
192
1219
2102
9112
1191
211
2101
8219
110
9013
912
2321
8123
811
2019
8101
831
3908
301
181
139
1120
1319
1198
19
1391
181
821
121
2111
9318
28
1390
1032
8113
2102
8110
201
911
1811
3911
2112
1092
3111
321
1210
1923
832
803
1819
3928
2309
822
8213
3201
931
1223
1112
3011
9111
1822
1218
2893
121
3182
211
1193
391
1911
81
1120
8910
8223
1202
1832
1312
2211
1012
1839
181
812
8212
921
2218
1930
12
311
3819
1901
2811
3280
1921
1192
101
1291
9228
2931
1211
1831
2910
2191
1928
921
1812
211
11
3891
2213
199
220
9081
191
2119
1209
8210
1011
1230
3218
3082
3210
8021
1038
1231
2119
8301
8120
1102
2182
210
121
2811
9318
9801
8221
1192
188
1829
3811
813
2218
211
2301
9181
1891
901
3892
1291
1931
1301
1380
9281
113
192
20
9283
3811
1101
119
1182
911
2910
3129
3120
9011
322
1921
8111
1181
211
1311
8119
111
8211
8192
221
1229
9321
9101
131
9212
1811
391
1103
121
8119
1812
1102
1981
201
1119
9212
1203
9120
213
182
11
3812
1312
2981
1298
1180
8031
8212
1811
2120
8211
3191
111
1132
2112
81
1181
8119
1112
9021
1129
8192
8293
1112
2208
911
3081
218
892
1901
319
9021
8112
9320
9132
810
9201
3122
221
1182
3122
1018
1102
1091
8012
210
2219
8129
9111
911
983
1120
121
2101
128
3018
2389
2911
1119
3121
3291
3211
3212
3111
8121
1111
1392
3202
801
122
3812
3821
2803
1102
8311
8219
9312
3922
8132
1320
1013
1201
2120
2198
9811
9018
1839
8121
3119
2823
2112
2310
1211
8931
2812
3811
1312
9182
811
1031
9282
9312
8123
131
3921
281
1218
211
9131
91
920
1121
8091
10
3011
1903
1102
1312
2981
1211
1011
2301
1013
1032
1298
3028
9121
203
2103
8392
8102
11
1980
312
111
8119
9101
81
3118
1310
118
2028
1102
9011
118
122
221
911
2018
1139
3119
211
9111
2311
3101
1098
9083
1192
1108
8203
2132
8103
1913
2819
312
1293
3820
1311
1931
2131
8120
3191
1301
1192
311
2110
1181
930
2813
121
1813
2319
1801
1113
1189
203
1821
1913
2121
1910
181
9131
11
11
2381
1318
1311
3201
1011
399
218
211
811
1128
1319
2281
1011
8111
1281
3229
2132
2011
3922
2118
9212
3211
1281
298
8101
3920
3902
2109
9231
3121
3011
1191
8011
2111
1111
2192
2128
1103
3211
8112
110
1192
118
8121
1831
212
2831
129
1923
9381
922
1122
2118
122
312
13
820
3111
3108
809
13
9081
1120
2111
2110
3281
2101
132
1012
1931
8019
2911
1190
1121
321
1238
1218
1218
9011
2111
1221
1211
1122
810
2081
1202
119
2111
1218
1220
283
1238
119
293
9011
219
1208
2111
1109
1389
3982
1122
319
1319
3911
118
3181
11
1032
312
2211
2890
8201
2913
1192
2812
8111
1232
1238
200
121
191
1138
1092
3810
811
8119
3111
21
8201
3219
9118
1181
9018
23
9211
3211
1822
811
212
8110
9311
2319
2111
38
1801
8932
1018
21
1039
1112
131
3811
1811
132
1032
1211
1211
2101
1211
1132
1213
1181
8112
1201
8013
9382
1092
2121
821
9121
9108
1311
1021
3029
2180
3912
2111
91
319
9181
1021
111
181
891
181
1921
1121
2019
2110
1112
2198
2911
113
1322
1809
1012
1122
1121
1201
1183
911
2389
1221
1238
18
1011
1910
112
1281
2110
1810
1238
101
1081
1312
1219
189
121
2231
2191
812
1981
102
113
1981
9211
3120
123
113
139
2319
2318
291
812
9231
2181
1398
3811
1181
1128
1021
9082
9223
3292
1310
1932
8191
813
1112
3122
1118
2109
2121
1921
1181
1309
9210
3221
131
381
1208
1821
1832
138
1311
1921
1322
8291
8119
1890
3118
2110
121
2110
1831
9211
10
9113
211
198
111
912
1310
1211
2191
910
1911
2119
1183
2013
1918
1129
9210
8211
218
1032
912
2281
8032
1190
9128
1319
2310
8031
1211
8212
8193
1822
2182
912
8230
113
1181
131
2028
9121
3021
2118
291
2180
9111
2931
3101
1921
2102
3192
221
8091
2111
1182
1019
3112
1891
210
8292
123
182
2910
891
2101
1328
32
1211
312
1291
8191
3811
111
193
8121
1322
2213
11
9203
2839
1321
1813
81
8131
3101
123
3112
2111
19
1221
122
192
1190
1302
1103
123
189
8912
1891
1911
1122
1212
1121
829
1911
9182
121
121
1281
3821
2111
2112
2811
9131
8113
211
3210
1811
1319
803
1892
2910
8219
2311
1180
2981
388
2219
131
8139
9311
8011
9211
2112
138
199
2021
8321
133
8039
8113
1012
1219
8213
2192
911
9101
2281
9212
102
8329
9111
111
9282
918
9121
3121
8311
9123
1032
1283
1123
2319
9120
111
1119
1202
3101
1310
319
180
1829
3091
3810
3112
2312
2831
329
2211
211
8912
2192
8329
11
183
8139
122
1132
1182
3228
2208
2918
8121
2301
121
1913
111
3982
1132
2381
3121
811
123
2821
1301
1123
221
9123
1098
1112
811
1109
2111
1211
289
1131
8291
381
221
3101
9301
119
198
8223
1228
89
9111
1281
1810
2291
2921
1018
2183
11
311
2120
2801
113
2101
3201
913
1190
9122
8912
1191
1181
391
8221
119
9131
2813
1021
3129
2213
8921
2180
2983
119
1291
3891
1013
31
3911
8111
1192
2191
821
1181
8110
1918
1298
1211
2812
918
1239
8901
2810
2810
2181
1029
8101
2181
11
3119
2121
1391
113
3121
3201
2198
2112
2211
2191
1028
3891
1301
1312
9201
9231
2198
1931
1011
123
912
1119
318
1081
1819
111
318
311
8103
1821
1198
3129
3111
312
811
1109
312
9382
918
8921
112
1382
3012
1211
8131
2110
9312
1321
2832
2198
200
2911
9123
221
1813
291
9011
322
8139
2089
1212
1820
121
1212
2119
2910
1013
2811
183
9180
9120
1922
2191
1012
389
1123
8101
9211
129
3022
9821
8193
9810
1201
1281
1132
9183
298
8012
2218
2111
1381
1311
318
8131
1908
9821
918
1810
191
9120
1210
3181
8391
19
2181
8201
9138
1892
9310
9213
1210
3921
2108
8119
1211
128
1810
1182
1120
1132
2093
1211
1191
983
9118
9211
2311
1319
230
1289
13
8131
211
3212
1139
3911
3210
1218
8190
3121
2192
1202
1131
1112
8211
3128
1811
9101
2110
181
1213
2131
8322
1283
11
1121
2912
8111
391
1908
1821
31
113
218
2821
9181
2112
1811
328
1208
111
122
1321
8311
228
119
1292
382
918
29
8213
2103
192
110
2181
1111
8290
312
913
201
1098
1389
1822
8113
3128
191
1201
11
2019
3220
1398
120
11
2119
9281
9122
911
1893
1312
1831
3101
189
9213
2119
1912
1319
1398
1
1112
1012
2111
21
1812
9231
1108
1209
131
218
123
101
1922
831
290
8310
1210
8013
1280
2138
2180
11
111
321
1321
913
1023
3121
8101
1830
1082
8311
1112
2118
1831
231
321
3911
3118
1202
128
3112
3129
2131
181
3118
1812
1089
3192
8912
1281
2311
121
1232
8111
3812
2131
2118
9812
9321
111
2812
2193
199
820
9021
2890
128
2112
3181
1112
2111
1211
8931
1028
2291
811
111
1819
1930
231
839
8312
123
1928
1328
9238
83
9312
1229
2119
221
3221
1122
213
1391
8131
8302
1301
1220
321
3192
9111
1322
9221
1290
1920
9302
8131
3118
8213
1293
1811
1832
8312
1213
2908
1121
11
3289
391
1231
2119
1111
1021
8110
892
2131
8132
1119
3291
211
9211
210
233
3282
2111
1113
1311
2392
201
8193
111
128
3011
1189
82
8113
9103
8119
1112
9118
8123
1811
32
2112
192
28
301
1380
3210
3101
9131
1012
8211
2911
9103
2190
2311
8201
1201
2211
2281
8192
2801
9182
83
382
9012
1081
1218
118
180
1821
128
8213
1293
9021
230
9221
811
198
1108
1212
8112
211
3098
1822
108
1029
1013
1112
291
2938
121
133
111
1103
8112
2319
9138
1291
813
8293
2013
2210
2189
3182
138
2011
2208
2912
111
191
120
1218
121
1318
2138
1230
1291
318
3918
2211
8201
1822
111
3291
8102
2901
1012
8321
1212
1121
1391
9132
8110
9021
113
1108
191
1382
112
1023
121
3912
2321
2129
108
9321
3289
2111
9210
9031
1220
1138
1019
2110
3121
8022
9318
9111
228
1913
128
1819
121
923
3119
9013
123
1291
1211
9220
1113
9111
1283
2110
1812
1122
111
8311
1321
9113
239
8012
3202
8013
1221
1192
3201
9181
1819
8011
813
1181
1811
2891
3280
1201
2310
2011
921
1212
119
8910
1211
9118
3119
8131
3112
112
9231
220
9201
211
1812
8132
8321
8112
1213
3829
1181
8211
1039
3219
221
218
981
310
3021
12
211
2131
8910
2110
112
812
221
1328
231
1091
1910
2811
931
3121
111
2192
221
9201
3281
91
203
2298
2811
1282
131
2189
9382
110
2311
8119
1982
1213
1319
103
3021
3908
3911
11
112
2101
2131
911
381
9223
1821
2031
119
9183
1980
2111
2381
928
119
9122
2391
311
2123
2231
81
9812
9123
239
8392
1903
1112
8103
1321
1902
2893
812
1123
2302
2803
9812
111
1213
9210
118
31
2193
18
1291
11
8931
9810
319
9181
1203
2103
311
2981
3181
1229
1011
1832
1398
1232
2311
131
111
1011
193
301
1312
2911
3181
9201
91
1210
193
121
3812
1108
8012
1202
112
3802
2381
9221
2109
1101
2981
3112
1110
1320
9120
1101
18
1291
1198
3129
1011
1930
181
1920
2281
1013
9112
1218
9211
8311
2809
2981
802
1109
1119
1810
1281
9022
2291
932
8219
829
112
211
2083
129
219
2118
118
1180
81
238
1228
132
9218
932
3118
9112
193
11
1221
821
1198
2201
3810
1810
1312
219
2121
9311
111
1923
1912
2911
892
9101
101
1131
8111
21
9101
1139
2132
8932
3101
8211
1803
8213
8111
1012
1211
2011
1923
118
318
391
8901
119
9210
18
1011
1803
3211
9213
1891
2118
2112
1210
1113
1181
3120
2102
2038
1122
913
119
900
1218
1203
2928
1118
9823
118
1210
118
2280
2390
1281
210
211
3182
1230
1811
8321
9011
9830
1193
2113
1938
1201
22
1012
1201
9022
1112
100
8123
9031
131
1809
121
3981
121
8131
112
8109
189
1308
1901
1213
380
113
9228
1013
891
1091
183
1938
1119
3211
8023
2182
191
218
3181
321
319
181
2302
1112
931
1213
1293
1893
912
2198
2101
118
2190
911
1192
1801
2910
1382
2193
229
1101
1091
3120
11
2129
2203
3119
2801
1138
9121
299
1122
2811
2390
2201
2389
2119
9111
1918
111
829
89
212
2111
119
318
1129
8223
8012
1102
1101
8301
213
982
1182
3182
982
801
1913
1212
9121
1219
1891
2113
211
2901
3821
131
1120
112
1131
321
1280
3221
2110
211
2018
1932
3111
1390
3282
8219
1122
8111
1821
2811
813
9013
1918
9121
3021
3101
131
292
29
8311
192
212
2131
1012
110
319
3092
8021
1210
1191
1181
9181
1981
2801
1209
9118
1113
8211
2019
921
1211
1293
2129
1812
2291
120
9011
1228
1289
1011
3
1101
2381
9113
1831
9810
2911
2218
2109
2310
2981
9102
221
2110
128
8192
119
3019
1018
181
192
2203
1901
111
2198
23
1931
1211
138
3189
2180
812
2111
328
2111
281
1918
211
9083
1102
2811
911
8311
1112
1920
8219
9831
891
1101
321
2201
3902
2103
1221
3120
1318
212
1131
1922
131
119
2082
111
1023
1123
2191
1281
2111
121
1019
318
1829
1228
3892
2139
1191
3918
822
9112
8012
2298
21
1218
1980
1019
1812
1130
119
8021
21
2032
1182
3111
8091
1212
2101
3211
811
1129
1231
1191
8213
130
1103
2121
2032
3110
9103
1231
1201
812
1281
1119
9121
1210
9201
1211
1812
1211
1013
1921
1212
2398
1839
1238
1131
3198
2130
2311
8211
112
3918
1922
1011
1182
833
299
321
8319
1138
211
3811
311
9102
2931
2910
1812
3912
182
212
9111
9821
8132
9112
1011
188
1208
1819
8391
1123
9111
2121
1081
1032
1110
2821
3121
3108
9821
119
3281
8109
1928
111
2811
1390
8131
1181
1210
1021
181
31
3191
3089
8123
1239
2381
329
3191
1011
8011
2110
1910
311
3112
1121
8211
1128
1821
1211
3822
9181
1101
1232
9211
8123
1121
2911
1208
2110
9831
9112
813
1911
832
911
812
1103
1203
3210
9032
2012
2981
3111
1139
9013
2309
1981
1101
2211
1391
123
9101
132
2832
2811
1138
2390
2213
2981
8013
1101
9281
3191
3121
1130
2038
2120
2918
182
1121
1022
2809
391
9821
3211
9320
2119
1098
1812
1138
132
2311
2821
3210
1093
3802
3112
3112
8210
1120
2111
212
928
212
1138
1913
1081
1118
1981
3128
301
3128
8131
110
930
1112
1380
3281
1102
1193
223
2021
30
921
1319
291
231
932
121
9112
3121
230
8111
1382
281
3111
3112
1911
9811
8311
1829
398
8120
918
121
1021
8210
2311
1298
121
1980
1913
913
9013
911
281
8121
1310
111
2280
1312
3802
8210
1832
2118
3128
1311
322
3118
2311
281
198
9180
91
1119
1109
1208
2130
2101
11
1193
8039
9213
311
2181
2281
9120
1231
1
8121
3121
1181
2981
1131
3191
3218
121
9301
1280
239
118
1112
8190
3211
102
9212
8192
1181
1018
9182
2118
1912
9121
122
8121
8223
8031
112
2931
1103
211
1123
118
2309
1321
2110
118
121
1821
3128
1912
8112
1131
1822
1119
2191
1110
1193
2892
2113
3101
2320
1819
8112
1229
102
9831
9180
3101
8012
3182
2101
3221
2210
1023
3812
1203
11
3110
1802
2110
1319
112
9111
1831
2181
1013
1111
2811
8012
2218
3221
131
1231
290
82
9231
2913
2190
1181
2892
182
1812
3821
212
1292
2310
8190
3801
2013
2101
9223
8211
1102
1981
2311
123
9811
1191
9182
1111
2391
213
2119
8132
1213
118
113
1212
2189
19
111
1213
3122
1980
3220
193
9310
1101
1311
1983
122
1123
321
2930
812
291
3820
3128
1311
1211
2038
3980
1083
1809
8190
832
8101
3119
1113
813
8109
8092
2121
1021
2109
2091
1981
201
3281
1391
381
8091
2318
1813
911
1890
9211
891
3220
1832
9121
9813
9111
1123
1219
813
1291
3208
2901
2812
1110
983
3221
3189
3110
10
113
8901
1283
321
3181
2101
9182
2239
1211
8910
1081
3119
191
9012
1319
1923
201
8131
812
9231
1810
8312
1891
3811
2129
1122
9220
1220
1192
812
31
9181
1019
3109
8131
8113
2119
3112
2101
1112
2191
2191
3912
2091
2118
311
1029
321
1101
8111
3021
912
219
1191
1319
9111
2901
1983
318
1022
9181
1218
902
1021
3920
291
1101
1812
121
121
1112
1121
9211
281
1211
1120
3280
3182
2319
1092
2210
1912
8321
312
121
112
1130
8190
1201
1210
920
1921
1
3021
813
2181
1219
1192
1219
2213
2192
1810
8211
1119
113
118
811
210
111
1219
2382
8121
2910
1318
1021
1138
119
913
2121
11
1189
218
1182
138
821
319
3101
2180
918
1322
2113
3119
8111
8113
2811
912
921
9122
203
2112
2119
122
311
821
119
1119
3191
2120
3211
2981
9102
1308
181
1181
3211
9822
2231
8111
1011
1112
1112
112
1031
801
9211
8210
3981
121
1912
2321
1121
1802
212
2923
2181
3219
210
812
1113
1011
1218
2903
1231
1290
928
1918
8911
1132
1312
399
2283
1811
921
1120
2911
3122
8132
8032
8211
2201
9232
2293
2113
382
8221
2139
2011
3111
21
9112
2821
1081
122
1032
3910
8111
2131
8121
1101
231
9111
22
3281
3921
212
9111
11
9118
198
1108
809
1312
891
9801
2131
9122
1239
1218
1229
211
89
1118
23
380
132
282
2891
1032
1121
8120
3912
3191
1831
1382
1312
1038
292
8129
1213
1118
832
3291
9211
1238
9111
9011
3120
1211
8112
1298
831
8012
812
3829
1129
1122
199
2213
2118
8011
211
1831
9032
901
8139
1183
2813
2112
1821
2109
1113
811
1122
3129
3912
2110
9801
110
192
112
2011
1131
121
192
11
9208
9113
291
198
1911
1122
9021
1118
211
931
1803
1980
8301
1022
2811
1218
1132
8123
8391
2819
912
219
1121
92
8103
1391
1921
3182
1182
1803
1118
1218
891
9121
199
1213
19
9228
3181
1193
112
3121
2832
311
1213
3911
1139
8111
9011
2181
3192
1219
1283
81
1231
1081
2111
1318
1329
211
189
1920
1329
2111
8129
2801
2281
129
9101
8132
3981
2211
3119
299
2329
1901
931
3811
1281
2811
1229
2210
1131
1223
1082
831
1112
1911
112
1091
3280
1212
1390
1018
121
1098
1209
2102
2218
111
8013
131
2121
1290
311
2101
3180
8911
1123
9180
3902
9213
392
1219
1901
1021
1038
812
1231
2191
8131
128
111
2839
2893
801
1290
2198
3202
191
1029
2011
1231
1291
3111
1231
1118
1213
8211
2211
129
9182
1913
9021
9218
1113
1922
121
1023
8921
2901
811
8211
1121
1011
8101
1119
129
120
903
1019
1212
2311
1109
3112
2113
181
9120
1829
8921
1219
302
2203
111
3092
2130
2111
9820
118
1091
1121
8011
9211
8223
3281
3212
9281
2191
8119
1301
8911
2113
8911
1983
1138
8120
2111
1189
91
1931
128
1293
913
2981
111
2191
811
2031
9121
399
930
1182
321
1932
1213
2191
3018
1839
1132
3189
8211
892
3910
1891
9118
1211
2111
821
911
8111
1211
2381
211
2831
3122
901
101
111
8209
9231
1821
1123
2321
180
9811
1111
1829
1803
8120
1921
3109
1811
1128
1910
1201
2129
132
2311
1398
1128
218
3211
2912
1322
3210
1181
1319
9830
122
8211
1801
9311
1293
1280
1821
812
218
8019
12
9813
1192
1109
1129
101
1122
8131
91
831
1208
1138
219
1811
9320
3201
2291
9111
9231
1309
1082
1981
8102
8921
182
981
8121
2911
3118
911
9113
8219
3201
2128
2180
1231
2113
1130
3011
2981
1298
112
9111
21
9221
831
1031
1183
2318
1112
2981
3112
2123
9211
3192
1821
100
9201
2190
1821
3181
2190
3822
1932
1221
1012
223
1308
1211
1183
1123
8920
2021
2181
2101
8921
2231
1208
2118
3911
1218
111
2120
1198
3281
1811
9112
2930
1802
819
3120
1302
9301
2118
8112
9312
8202
1811
8309
1191
899
312
2018
1191
2310
2921
1119
2319
1319
2018
203
2118
2
1381
221
2101
8213
123
9128
1119
2310
2181
1113
2123
3911
1011
802
8301
1311
1211
1103
1112
9218
2111
112
1283
1218
9281
1223
1921
2110
9211
3019
182
11
9110
8221
1131
8121
1129
1111
291
2311
11
8011
2013
8101
3221
113
1119
31
3211
283
3891
321
122
2381
112
8032
1118
3111
1321
121
8021
1318
1922
2119
1211
1138
8102
1231
1211
1012
1281
2811
9212
8191
1108
132
201
103
111
8021
381
1110
811
1309
2121
9113
20
181
112
1091
123
1228
2203
9283
291
9111
9213
913
3118
2182
1110
133
1311
1112
8912
8023
3211
92
1931
8129
3111
2291
2980
192
1192
1201
1129
8911
1820
190
3822
311
1322
1398
2130
2218
1921
8109
1098
3101
3221
1120
2193
3192
1128
2821
1381
1131
2018
3121
813
1281
1120
3192
1029
1983
1901
193
81
1082
1282
1819
1183
2291
1189
1923
2108
2981
1123
1802
1120
2131
8191
8112
1121
1190
3180
2121
2110
8201
2182
321
9012
8012
8101
2201
198
281
2119
12
1982
1123
283
1038
111
8113
201
1131
2830
1318
8321
1219
1839
3891
3221
8122
1121
9110
191
121
8922
9112
1039
8112
8011
211
329
291
9102
8132
8113
3129
1118
1891
3112
8121
2091
918
2981
8131
1902
1211
2901
8913
9180
1108
3112
2103
1803
1920
2193
1932
2191
3118
381
2111
9081
2092
2921
3211
118
2319
3118
1013
2219
3910
129
211
8311
821
311
122
1392
1311
311
9813
121
3291
1812
111
182
3081
91
9218
129
121
9203
1228
1119
11
8321
1128
1398
2918
1901
8231
1322
3091
281
1021
1892
1329
1308
2193
111
3221
228
19
2091
3811
8292
1902
811
2811
9238
1211
3118
223
3192
1138
3112
9212
2921
1301
121
1223
218
8121
3190
239
1011
3091
1312
1912
232
3121
911
210
3829
8231
121
1109
2111
210
111
9108
2128
1282
128
193
912
1189
2311
1119
182
8121
189
1283
211
911
1182
3191
802
3
108
821
2111
311
3101
3801
3180
2110
8212
3190
2311
1911
2191
1113
2219
231
8310
1121
1128
123
211
2191
2018
1093
8321
1109
3902
1830
2312
3192
2011
1801
101
211
2110
8123
1192
112
8210
81
8311
2103
1928
9111
9311
18
2113
121
1219
1223
3111
2131
1029
2132
1290
291
111
2381
9811
211
213
1229
281
1212
3119
3219
1928
3112
3812
121
31
1113
1183
191
131
9183
3122
9822
311
2011
211
832
9831
282
2012
121
1118
1811
1112
8211
1218
2329
2011
11
1119
2118
21
8220
2123
8132
2018
8310
8111
2119
8211
9111
211
1038
831
1123
1319
1111
3119
8111
1029
3221
2121
821
2201
911
9128
2392
1913
3981
8102
1932
9011
221
2190
2981
8121
1810
21
2101
1312
8910
298
9811
211
8130
1321
8111
182
981
312
8210
3111
1210
9811
3119
1238
112
9308
8203
2111
112
8102
8191
2011
821
3201
132
2183
1301
9212
9113
1301
9130
193
9212
9110
9132
2239
2110
9218
2191
112
1123
1291
2238
219
1012
188
1922
812
8121
1111
212
1930
21
8111
2131
1121
1019
2201
2318
3119
921
321
8111
2192
1923
1289
3891
8291
1811
2101
290
9131
3982
1290
222
1118
8211
8119
911
1922
2123
9211
183
103
211
2821
2111
321
2198
2801
8322
1219
2011
2281
2910
131
1108
191
2119
122
9110
81
3110
9811
820
9082
3801
1120
9110
9121
9218
1210
1191
311
129
9132
1122
2182
2301
8239
189
2112
9221
8191
3181
211
1191
8110
2181
1211
2111
2119
1122
2182
803
1389
2192
1019
2983
2031
319
1028
2810
9111
1238
9218
91
1221
8122
1813
123
8012
9028
1928
2130
118
3191
8101
1139
198
9203
1081
1138
329
1812
812
1021
1218
3191
1812
8031
9321
8113
8392
192
1119
9131
2213
1202
1218
1208
1210
3908
1112
9112
2018
211
3211
822
302
128
1211
1328
1221
2812
1291
9811
1819
8132
1129
9021
910
1812
9111
1111
9
3291
8232
2819
8923
1903
2012
3111
112
1183
1209
2113
111
8210
9113
182
3112
1101
8231
119
211
8210
9218
111
1981
9310
2381
3811
1322
912
281
1111
2329
9201
1238
1213
2813
321
238
2181
9110
8111
1229
9210
2831
128
210
3191
112
1031
1180
1121
1312
2203
1139
3211
982
121
219
211
1311
8101
1321
2902
2131
2318
1021
1302
381
8211
21
9801
1202
9101
3810
2932
9212
223
922
3210
18
3281
2111
1112
12
1213
2011
2812
3908
8112
3108
2118
2118
39
2132
2911
1119
1811
1281
8112
3081
23
9181
1208
8191
2891
2123
1913
8922
1120
3201
111
8091
1182
321
1820
8219
9110
8320
1138
8210
2111
1112
1129
2381
1129
812
2181
813
9011
1081
1801
1110
1138
1813
2
2831
812
3291
322
1228
8191
1128
1301
9318
8201
811
22
183
1389
3211
3212
981
3112
8912
3019
1112
3111
2193
1112
2181
2
1198
2891
192
9322
2198
9321
8291
831
3110
1112
8121
1821
2210
182
1210
1081
1982
3221
3911
3191
2018
1280
211
3298
2131
201
8112
3211
3018
9011
3912
1811
1208
1310
9201
1301
1918
9311
218
9110
129
9132
8123
2112
1118
392
118
1803
930
2011
2011
123
1282
1228
221
1201
119
112
1281
223
3021
8211
1212
2183
1023
2111
911
2119
3298
1931
101
9018
221
3022
1111
2181
318
983
321
9183
231
1302
2131
8122
18
2291
211
2011
2910
8211
1103
3018
2211
3212
1212
213
2091
1212
811
8122
3109
9121
9312
2918
1113
910
1032
8102
2911
212
131
9318
911
9231
18
1803
8111
3120
1190
2209
8220
3101
1822
3120
1913
8212
1128
8201
1209
1311
3812
211
8329
2111
2013
3911
9130
3119
311
188
922
1832
82
9101
1202
1310
9102
2381
2813
318
2301
1280
1328
1311
1218
1220
9131
8121
328
8190
119
2131
1181
1921
99
101
1113
1122
321
1230
9102
1082
121
2102
3110
118
1131
8093
1812
83
8111
1121
11
1183
1302
1110
819
9112
2130
2110
1101
921
211
212
3121
3892
9232
1108
3801
18
831
9131
11
91
3112
9112
1802
1182
2113
1921
1920
2092
1212
1812
2311
1192
239
8193
8921
111
3198
9831
8302
21
139
823
3122
281
1280
281
2189
3928
2119
8229
1120
8312
1102
3810
2921
3021
9281
9012
2281
2119
8192
193
9210
1911
9138
8192
102
1321
113
2103
1132
1211
8101
9011
3101
122
1201
2103
9023
3112
311
9121
982
1932
1228
8110
3918
121
2013
3201
1118
1312
29
139
9802
1131
1289
329
1912
3811
1110
2931
122
181
2811
8111
2018
2809
2821
9111
9121
2119
123
1982
9132
8312
10
1329
2938
11
9111
1239
1218
1111
2101
9181
2181
31
8190
2830
2281
131
11
1081
191
3190
22
1820
9321
1120
2908
2110
813
1101
3111
9301
128
820
1118
229
2312
1102
1301
8131
9381
2183
1038
101
2182
2911
212
1981
911
182
2311
112
2113
1180
1819
1213
3911
1912
1181
1893
8903
329
2832
9821
2111
213
892
1210
9213
3021
1980
1812
219
2129
1209
2289
1183
1218
1221
933
8031
1832
1398
3111
1981
9111
132
2901
1302
1119
2189
113
322
131
3018
1211
1318
9812
8111
2121
1912
1129
1822
910
289
318
1831
2118
2181
2038
1212
811
9832
1318
1291
3109
2190
111
1112
8123
8212
2082
1220
118
1208
1012
1110
8113
9181
289
1911
813
9111
210
2113
1902
1112
9112
2180
123
1218
311
1119
191
191
1123
181
1011
218
9203
911
11
1321
1138
1813
223
183
2191
2121
1923
8032
2089
3128
1319
291
2831
1289
19
9110
1813
2181
8210
1381
1281
1193
1380
211
1190
2192
8121
8901
1021
2893
2103
1120
20
811
239
1138
23
1132
22
211
8111
113
9108
9183
11
2811
1181
1812
2021
8112
9111
8211
1109
1110
8203
890
9831
2131
3112
2112
2121
1921
9311
8109
891
8111
9111
322
1912
291
9822
3121
911
1820
2211
1192
1810
1128
1191
9021
1811
18
1218
2131
1321
2218
1291
1380
913
1131
2391
1392
1019
9130
3119
23
8110
9310
1392
211
298
2311
9121
211
2293
812
209
310
1282
2913
1210
3281
1381
1809
8111
8121
1981
831
1213
2121
29
8112
3201
221
112
8212
2211
2109
923
2138
111
9301
2809
1803
1128
2011
8311
8119
183
8210
2218
121
1922
218
9810
1121
3180
3891
1301
112
8112
1228
2910
2301
1139
9211
9211
281
1228
221
913
1282
1189
8013
813
8201
9218
91
9120
9218
2283
1113
2091
9328
1111
1218
1182
2381
181
8910
1113
1211
911
9108
2210
22
1128
8112
1118
210
9182
3098
1213
3212
811
112
1101
3982
3821
1083
1102
311
9132
9213
391
2219
1912
1102
1891
8031
1819
3811
2011
1121
213
2011
811
812
8310
1822
1391
3820
9312
1021
3112
1181
9328
2111
8103
18
1128
1121
1110
2211
2011
9211
1210
2139
3220
1208
1191
2131
9023
211
311
2281
3811
110
3811
1901
811
1820
211
191
8112
2
203
2011
1938
3110
1311
2210
8290
3211
8101
1132
913
1098
812
1982
9120
8213
2193
1019
811
3902
3119
1981
9112
8310
1212
113
211
2110
188
2018
912
1203
3121
2111
928
210
2112
1392
9811
2190
220
8111
2931
2913
902
1220
1012
1821
1120
1201
101
8211
2
211
1121
1213
2021
1310
3112
212
3291
9812
921
231
1912
1911
209
19
3291
2320
3081
1821
8201
1180
1312
282
9221
9112
2219
2310
311
1392
2191
218
1298
3821
121
8221
311
123
8121
8291
399
9023
3112
8012
1181
102
2113
9220
1022
8322
291
21
931
9122
3822
1218
811
119
9182
1981
101
8901
111
1911
1231
2810
2139
8112
2198
3921
1220
2110
120
291
822
2803
8111
1311
3112
9821
2819
118
1903
2032
1132
8113
1019
2301
112
8212
1113
1291
1113
8231
1280
9103
3108
1239
1911
1282
2921
2310
129
911
9082
9211
2810
181
9312
3912
1191
1031
1180
1298
1193
129
8129
1112
3120
1219
2182
1112
2111
2191
1291
302
2921
1280
2119
31
2128
2831
3119
9183
1211
9321
1093
1112
281
9218
122
1102
812
183
2211
1012
11
1181
891
981
1121
1211
1392
2911
811
1389
1209
1103
128
3819
8221
2281
9132
1980
181
112
1122
912
9803
181
9813
1201
31
1812
1193
3181
3111
1810
1022
211
922
3129
2311
8123
8211
132
8211
9813
8101
109
1189
2820
3291
2389
192
1918
1121
311
3019
2319
102
8119
2811
322
221
1112
811
8311
1212
239
8191
8302
2101
119
11
2131
1809
1221
288
3081
8191
3198
1121
913
8113
111
8111
9812
8112
3911
13
1101
8011
3212
1230
108
3921
1083
1121
1128
1031
911
238
11
1122
9012
1321
2201
3182
3211
281
988
8322
8231
8320
2321
8229
2219
1810
1820
9811
1130
8311
1081
3212
1021
9111
3189
1913
2381
211
291
1112
1318
9101
32
9111
211
191
1311
1123
1228
8192
111
2101
1381
3921
219
2981
1381
389
3111
129
2810
2311
2110
1921
9212
3112
8230
1823
3211
3219
2198
1289
32
1019
311
2120
9038
8309
392
319
229
1112
1108
2981
129
1322
2802
1311
1292
83
2139
3108
3218
3891
8213
3182
1013
1029
1911
8112
8211
1891
1091
3110
2181
9013
1921
8302
1221
3111
8112
3109
111
111
1912
1292
103
2112
1392
3102
309
213
1921
1112
1211
2983
1281
1311
192
32
9181
2102
1121
211
2810
181
9
3192
1182
2118
8311
1111
2911
1312
3119
9021
180
9213
281
21
211
121
1221
231
1912
2013
8312
9228
9018
2118
3181
3211
3211
222
9311
8139
1182
2113
112
9018
829
19
239
1193
1111
2310
911
2130
928
2823
2121
1221
1920
2120
2129
2211
211
238
1110
9028
183
2081
3192
3811
2121
1822
3210
913
3121
2321
1129
1218
1381
1198
221
2318
231
811
3091
9301
1911
8111
1118
2312
2111
1221
8112
1212
221
921
3121
1121
9208
1129
3901
199
211
1113
9180
2138
3110
8111
2903
8211
2921
81
1221
1111
1283
1311
2230
1202
1011
2823
8219
2201
2112
12
2021
121
1821
1920
10
8113
3129
113
2193
1913
319
1928
3202
9120
2911
9022
2123
299
3121
181
9101
892
1212
3119
111
2121
1103
8130
1210
8211
1221
132
3218
1319
1281
1108
2119
3280
9028
2012
311
1221
1912
2812
3111
1220
101
2380
893
1298
1290
220
1011
290
811
2810
2121
3229
3021
2110
1298
219
3921
1130
9112
912
2039
829
2209
11
1203
293
2810
1321
31
1112
1182
1813
2319
1221
9210
119
111
2112
2012
9012
1018
2821
1182
831
1128
10
8310
111
118
1011
291
381
9310
2121
8129
918
1211
2109
3910
1318
3101
192
1132
2191
9102
1911
2182
2918
1212
2319
219
921
1013
8121
1032
9102
3121
2182
319
1311
1831
2831
3112
391
3109
1183
18
3118
9211
9218
2113
1823
1281
1212
928
1032
1122
1912
3011
3129
911
1109
8121
9118
1913
111
3191
810
1982
1311
129
1821
18
1218
9132
118
1132
1129
113
3212
8211
2811
821
832
311
1312
1112
9111
3281
9301
3112
133
322
2213
11
8013
3912
1292
1221
3211
132
9311
2811
3812
310
1891
239
1103
1289
1130
329
1139
1891
2213
1230
1112
8212
182
312
1121
2012
3811
8911
1128
392
12
2903
2211
1223
2301
1281
9312
121
1281
1132
192
2102
122
913
983
2901
1039
2112
112
133
1389
2081
1189
1830
8123
1123
1281
1108
2183
31
2110
122
2110
3182
1182
8221
2211
9112
1103
2101
1221
2129
2381
1892
1128
9221
8129
8311
101
1281
1811
1108
1290
2013
918
3282
9102
1011
2203
2110
110
8239
192
9131
1210
1312
2110
9213
1028
1210
8211
3112
1311
2812
1213
1813
1132
1112
8230
1209
2208
1280
1011
191
2113
3910
103
1239
2813
3028
911
1032
8901
910
2101
22
8921
9111
9111
1112
2820
1309
1211
1290
1132
1912
2081
3111
912
9312
1103
183
9218
8012
221
8120
1221
9121
1129
1801
1011
2908
111
1311
8192
812
2819
1112
1129
92
3911
1912
103
3101
901
9182
1190
1190
1132
1910
1290
1181
1319
2180
2181
1109
8301
2180
893
291
1922
1139
113
2218
2211
1121
3120
912
8093
983
1832
1319
9111
2231
1221
2812
122
1291
2101
3182
1982
2320
2911
9212
1013
1328
9112
3211
821
191
8311
1821
9132
1028
1112
1301
9120
2198
2321
212
2119
1022
8131
138
121
8190
1228
3218
3122
1029
8391
9112
1191
9108
1129
3911
112
1118
3118
281
8232
2089
2093
821
190
9130
3821
3281
2011
118
1312
1111
8191
121
1220
2110
312
9218
2031
2813
9112
8291
3911
1301
1203
8911
8021
1831
2123
3191
112
210
813
1232
913
9113
119
821
2311
3180
1221
811
1119
129
8103
121
2139
1381
3011
1029
1821
281
2101
1039
1298
801
2193
1813
3121
8291
192
9102
2011
1121
2181
3101
821
2110
9132
810
2311
9182
3122
3128
2801
8211
2193
8311
2381
1213
1109
1123
932
1210
1328
1039
9308
110
1101
801
9182
1390
1208
2181
9301
811
1211
138
12
9213
1310
812
8913
3212
1912
1011
9118
9212
1112
1219
2129
1193
1922
1181
2289
1901
119
9801
318
3211
312
291
12
3111
322
9131
211
22
8112
2128
3811
191
811
1130
111
1120
1912
8131
2829
8201
321
1018
9023
218
113
2119
119
3119
2811
1190
12
9113
2918
1192
1112
1129
2021
810
1821
2218
2231
1281
2081
111
2110
3121
9201
2120
1013
8319
1121
181
8122
1893
281
1012
321
2911
2211
319
9113
2091
2819
1130
319
9302
9811
2219
192
113
211
1231
2180
2083
9012
9121
3121
182
3812
9211
902
8111
1112
8111
2219
1281
3022
218
3181
9801
2810
3109
1181
3111
2113
1211
3112
891
8311
3911
912
8129
2910
1311
1120
191
119
1180
9211
2981
1223
9310
9120
8122
1101
1122
1183
1121
111
1321
8113
192
8012
2120
1291
8911
3219
1291
1931
211
1191
1892
3920
2201
9131
2321
2911
2101
2819
2119
3811
292
2312
1231
3128
2191
2911
1108
3821
1198
112
9201
2219
2382
12
181
1810
2123
2031
3212
8121
8213
1910
1811
1232
8121
2302
1211
122
3181
9821
9131
291
8232
111
3110
212
932
891
8219
381
1291
113
90
12
811
2102
1231
1130
1982
1012
931
2121
1103
1113
1018
2821
2381
1310
9182
2803
821
1182
1220
101
9111
8302
3121
3120
329
9311
2111
118
319
8121
3092
211
2321
3110
1211
1911
311
2101
8311
2139
211
22
1131
1129
2112
9128
1112
3281
122
321
801
293
1291
3111
23
2981
123
938
9321
1812
1102
188
211
1213
1832
9211
9180
2181
2111
9328
218
1212
3011
911
3102
9280
3202
1029
1329
1921
1011
813
132
209
319
2182
8102
8111
319
1101
3201
9213
2113
21
181
1101
111
1183
801
218
9180
2112
1918
2911
121
8011
2013
1092
11
2301
9110
821
3189
1139
1021
2920
9220
3811
191
8121
1181
2191
3921
2321
3190
1321
2019
1892
1318
1191
1811
2113
1228
811
1813
189
11
3128
8122
11
2310
2011
912
2083
3121
3211
9381
1890
131
211
9118
9218
1028
2181
1012
3212
118
2138
91
3211
19
8112
1291
1190
8212
8102
8220
1103
9121
2123
3191
3118
111
1231
218
1391
1031
1931
1121
231
112
112
2102
3119
9110
913
1921
9120
10
833
1182
211
311
1911
1101
813
111
1118
1113
9802
921
3812
1180
132
1931
1810
1328
122
8019
2311
811
3121
1181
2319
9810
1918
1211
1119
181
1012
311
212
3182
8119
220
91
1312
9108
1022
933
9381
2121
938
1201
1910
11
3912
2893
811
1810
2191
3191
11
138
8130
1182
1
111
2012
238
1220
1191
30
1108
1109
1113
1321
1181
9221
9311
1321
2918
1119
1312
3182
1110
1212
1301
2081
389
2923
1182
932
1081
1183
9181
2111
1291
2019
1018
3921
9128
1118
3210
111
1212
1391
918
9183
8121
1208
1311
1112
111
29
1038
1120
328
9113
3112
288
3118
8012
1830
12
228
2128
9111
1012
111
31
2831
1312
981
2138
223
893
9812
181
8230
9102
91
3118
9812
81
1022
2112
2021
2823
2920
911
1121
9131
8102
9113
1
2119
311
3811
1930
8121
381
2191
1218
1189
311
2211
8203
9101
1311
11
1283
2281
1201
913
2311
1182
1120
1229
918
1139
8311
912
1112
1232
131
910
2110
8121
1012
1321
9812
9112
3921
2931
183
139
1310
3122
8121
2812
2821
1280
210
3181
2119
820
1021
1103
9138
1983
1328
122
92
1892
1212
311
8312
123
3281
2181
112
1092
1928
1312
1119
1082
1102
1321
113
219
1182
1128
9018
983
119
1109
3981
1021
8213
213
1201
821
1110
1812
2110
2203
211
381
122
1120
2131
239
9231
138
2391
181
8111
1190
9310
311
131
1390
221
2201
9310
2131
8931
911
3021
22
1811
131
1381
1021
208
2211
2811
13
2810
111
1822
1211
1218
1831
8119
3112
2218
1132
11
1208
9123
9318
319
3218
1131
1392
2921
8129
2129
3811
1910
110
8120
1121
922
100
9321
1298
9113
3112
1380
1310
8121
1821
211
1301
39
91
2211
128
103
8192
111
211
2101
9231
101
1192
1902
3212
2111
2281
199
3211
3182
1811
1228
1920
812
131
1130
1211
10
2132
8130
1821
182
9213
1211
132
821
1301
3110
2391
9138
9218
1192
9328
132
2191
2319
1112
1980
3181
1101
233
2112
8223
112
921
8111
1311
101
9223
1321
1113
1221
1023
1023
9210
1120
181
8122
1390
181
9108
3810
8123
2139
8129
1109
8213
1291
1128
199
1302
1139
1121
1120
9138
1310
2111
8011
1812
3128
3210
3109
112
918
1318
11
1928
1018
9011
2902
2110
139
2131
111
1180
8211
983
119
1021
901
92
1102
8321
832
3112
2811
122
1210
8231
1011
2011
1121
1111
8910
1131
1921
8121
1308
2130
918
9311
9111
3220
1192
1128
112
1103
3210
381
8191
1293
9210
3109
2182
3912
1311
1821
1131
2132
1129
2180
129
1810
191
1911
1112
3019
1281
21
1228
2112
293
9118
1083
111
1281
1103
2189
189
3121
1110
2398
1119
213
2918
100
9231
392
2201
119
2180
918
8
2298
3810
8120
1111
9118
1181
2181
981
1812
3110
2191
1902
2921
920
1891
9381
311
1312
1122
211
128
9123
1911
2191
1311
2120
1921
213
1922
192
1318
1810
321
1121
1812
2812
2089
9112
1021
211
23
121
3211
2310
9128
1213
3111
1210
1192
1038
9301
1091
191
9810
112
1282
8192
12
3921
3821
2123
2110
1129
2311
910
311
9123
931
1921
2301
111
381
1038
11
912
8101
1802
1031
8103
2311
9101
329
9211
2281
1139
2132
3021
8191
811
988
2112
8111
3091
9211
181
2209
1810
3118
2131
8132
1013
2191
3981
1129
8011
8130
938
231
181
1132
1183
9238
1091
1120
1291
9282
1902
9101
1201
1013
1910
221
9131
811
101
2801
2113
1812
3291
813
3928
391
2101
1829
391
1112
1213
9128
811
1981
3918
2310
2011
9012
9321
12
2911
8312
8211
8112
129
9311
8102
1082
3821
1223
9181
9311
1183
2932
212
231
1021
3811
1121
123
8221
110
8221
312
1319
2213
1218
1923
8013
3109
19
2110
1282
2832
9811
1810
88
9110
8129
12
3102
1013
2119
3018
1201
812
2189
3819
3918
1093
3901
2219
8912
8101
3912
21
2111
2121
8309
1282
2101
2110
3911
832
3111
9120
1391
1082
2811
319
193
111
1230
8112
8211
131
1901
1238
3012
9211
2118
1213
1113
1132
3191
291
3202
1391
2113
1112
1189
2891
920
1312
9231
10
21
1193
2193
1109
8011
1201
9801
8119
1310
8121
1129
2018
2129
1208
192
2281
911
1321
8113
1212
1830
3281
1121
1931
2210
101
1292
9101
3119
8113
3119
1819
9221
1389
1182
8210
9021
3110
93
1281
181
2902
1389
2101
1390
291
1230
1809
223
2131
803
2191
1911
891
8291
318
1321
281
1131
1891
1098
2201
822
3110
212
111
931
2912
2191
3122
2098
9318
821
1811
1213
3891
111
1111
3129
12
811
2111
1983
1810
121
1113
220
129
1208
1089
1311
3112
2108
2110
1221
1113
8011
1101
200
1191
1819
3018
211
121
2120
1182
2192
9111
1012
8211
9181
119
9181
8191
28
1231
1281
1823
9821
9213
8910
81
1239
1230
2830
2112
9301
1120
9123
329
13
1182
3121
1232
1132
1111
3812
1081
1211
1130
3198
219
2310
21
1218
113
803
2032
1111
1132
1381
1280
3209
1191
1029
9183
3218
1821
2198
9211
8212
1181
1821
1039
12
2891
118
1102
9302
2011
2011
3211
80
3121
8912
931
2810
1111
113
9011
181
9231
192
8109
1121
11
9118
312
1092
2011
1298
13
1238
1819
1390
3182
311
192
9280
211
1219
1191
318
8191
121
8309
1211
1231
2182
3121
3181
9121
1198
2191
1091
319
932
1081
128
8132
1181
1198
8231
8921
3189
1801
9310
1120
1191
2211
9023
138
9021
3218
3112
1291
291
9182
1390
1191
282
2119
1211
1039
1110
1890
3121
9812
2190
3928
32
328
192
1101
912
1112
2921
9182
9821
1131
112
9102
221
2031
9110
1102
911
8201
2181
2201
1382
1912
112
3219
192
2113
8112
1231
8013
3021
9223
1128
101
9118
1983
1022
1203
1801
1202
2211
9112
138
2312
9111
9211
8102
8112
2203
2113
23
2821
1112
129
8311
802
2310
9182
112
911
1021
122
382
9183
1110
9012
831
8912
1120
198
2311
811
2019
2121
1012
2101
81
192
9112
1211
2928
8121
811
1032
2910
121
8119
110
8110
8121
8910
1311
9118
1228
121
811
1012
811
1191
1201
3289
9081
2138
2928
381
31
9111
1192
1103
1211
381
1292
19
8019
892
1813
1981
3121
8122
1228
9282
112
1801
1191
1812
2011
2110
1391
181
18
3812
8291
1980
3111
1023
1138
121
8101
1209
3121
3111
2218
911
211
2211
9380
2093
8321
2102
2083
2931
1181
2182
211
1311
8109
1811
8110
9220
2110
8911
8213
1192
1123
1918
2119
1813
812
11
132
3101
1019
1111
2311
1312
1021
3111
1821
1292
2110
9822
1398
1213
1229
1920
1131
1093
128
122
3112
291
1131
1813
1328
8311
918
2310
1118
8112
1131
2211
1130
301
1931
2811
2118
1012
911
118
2019
112
8122
1219
1123
1291
8101
1320
1202
123
93
1921
9123
8211
8921
2011
232
3101
8911
111
8012
181
23
1192
112
8023
3212
3181
1982
210
911
8923
2308
2901
11
8201
1211
1310
2811
9820
9211
9281
211
122
1821
1122
3911
2290
111
1121
2112
211
3819
2193
2801
1821
8013
1312
131
1231
1119
8120
1228
1021
1280
1113
2131
211
319
132
1819
201
812
2121
391
2109
2131
3111
9102
2819
1229
2111
9211
2081
9111
3018
182
111
3121
3110
1132
21
1281
132
9128
3198
892
931
3082
30
1021
1219
2129
9013
3102
910
3181
9011
922
3119
3119
3019
3812
2102
1029
8110
1308
9281
1391
2390
892
1819
218
1981
2181
121
9211
3
218
2123
1111
1311
1810
3012
1082
198
3191
133
1192
1129
3181
1122
3110
1829
2
1213
9130
123
3921
8111
1801
1130
3290
2911
9231
211
3211
3110
1181
3811
2982
9101
118
9181
9228
121
9081
8193
822
11
329
3028
2321
213
311
1309
2101
1812
1321
1319
1192
3212
1192
1022
1223
392
9012
1112
1219
123
3192
1931
1821
2210
2131
1213
1113
9180
91
2192
2319
1801
1211
811
1212
8021
132
1113
2809
921
3921
2120
32
1812
2128
1918
2011
2108
3120
1123
1139
132
181
1293
1013
101
2110
2113
388
1981
2101
1113
2193
819
1311
3111
1809
119
3908
1329
1212
8301
131
3910
2318
2813
1129
933
9211
811
1012
8119
3012
2101
8201
308
2211
2112
8112
9312
820
811
1319
101
9308
131
2213
922
213
912
1021
1081
103
3091
8113
3111
1812
3112
811
2181
2210
1083
9181
1821
8132
1191
8021
821
2291
9183
829
8210
3282
1221
9120
3219
329
8231
831
381
1921
1123
1931
9212
2011
1911
801
9201
2181
9220
9221
1901
2121
1129
1139
8011
221
1109
1138
9011
2183
1321
3012
8102
1291
301
8911
3011
8130
2121
1930
1182
1811
1198
8221
102
3111
9123
101
18
8322
8193
3218
1208
2912
392
392
8019
1122
128
901
2280
8921
8129
3121
1128
1803
283
113
111
129
1291
121
1391
8310
11
8321
3111
3011
3019
1081
8921
1110
1292
1119
931
3011
1201
9211
2013
9813
9821
9380
8131
1283
2112
1921
1210
2319
2121
9318
131
3012
801
1103
1923
2291
1223
1921
121
1230
91
8132
112
3128
8
1321
1023
1921
8112
2118
822
2112
2111
911
1122
1821
8191
3019
1819
9128
2190
1928
139
112
1931
82
9111
1319
1813
228
1118
2118
2981
8301
2112
2932
2210
3181
101
181
1291
1112
8119
2830
19
1281
81
1121
121
3221
1012
1219
9021
1032
132
22
8111
1192
813
212
311
3128
8112
1101
8139
1189
8131
813
2019
3928
191
9118
2111
12
9108
1228
321
2101
319
8921
8219
2813
1211
8911
8191
132
2320
8211
1092
3181
1023
2021
211
8130
9821
219
2013
113
22
2891
2189
128
8290
3192
8911
1812
2110
9112
211
1212
1229
81
911
3118
283
1221
131
1110
1311
1113
1281
189
1218
9013
1023
1212
1892
8311
391
2112
9112
112
2201
821
2321
319
1219
119
18
9121
1139
921
9212
1382
389
2392
9821
129
1301
1812
3121
1813
2190
1121
1201
2031
1181
8121
1021
2821
1119
3280
911
903
8101
1213
9021
812
822
831
3121
9218
9031
8119
2918
1229
1980
9211
9101
1918
1908
231
1219
2310
211
3119
1119
1123
1811
1912
9811
123
1311
2821
8212
2911
3012
3112
311
8202
3119
1113
311
2302
1890
92
111
1922
301
1311
8110
8301
391
1012
8091
1112
1822
1102
819
8012
121
9113
1018
821
1122
3821
2311
1121
2031
1211
8193
1032
1308
2121
3019
113
1219
2113
3111
2018
102
2180
2911
320
123
8321
8310
3021
3912
1122
190
1932
1180
2912
811
1820
9210
301
9138
1812
9312
2832
8312
1011
193
2181
2231
3810
3811
1113
1201
3119
1221
8123
192
31
2910
211
8910
2211
1312
3119
3120
1023
112
1231
1210
911
1281
9230
122
1281
9120
1291
2130
2821
9213
911
1118
311
3811
121
1082
113
1132
1321
918
281
1128
1132
1912
1131
113
1221
9810
1110
2219
1903
8112
3282
1932
3108
3121
3129
8011
1192
1239
382
2111
3111
112
823
3211
2011
918
928
8910
1291
121
3812
2091
121
2392
9011
2902
2121
1082
131
1901
9132
811
3219
2891
200
180
1123
9081
1321
3212
81
2183
9310
2118
2911
1980
1202
2189
981
811
1318
1811
138
8211
2181
9012
9121
920
1039
2180
198
1328
1131
311
892
9182
3209
2839
1121
811
9111
1218
2181
3112
1019
111
8109
110
1089
111
8191
2182
1839
1028
128
8311
2830
1210
8210
183
1039
1131
3218
8120
191
1119
8102
1192
212
2823
1218
112
8021
3182
1180
8119
9122
111
3111
1119
1182
9111
8110
8102
3128
1121
2123
8123
3119
113
1811
112
1011
3101
1311
1092
1181
8291
8221
22
1813
1229
8139
9018
1113
8021
1911
2121
8210
112
2219
3902
211
1210
1132
1108
2192
292
388
391
1219
322
1198
2131
1912
1109
1181
9811
1112
2183
291
1982
9311
1812
1310
1129
213
2211
9310
1198
112
1131
9131
2219
2131
1129
1131
1220
2390
2081
8191
2911
1280
8210
319
11
1913
1821
2028
2891
1201
9801
8012
1183
821
321
113
3191
1312
9111
1028
11
2921
3911
1910
1112
211
1121
322
2109
2101
112
1811
2108
3912
890
213
2111
3121
1831
8301
2182
1190
8201
812
2819
1319
8232
1012
9123
9308
1118
1391
211
9311
2013
2801
9202
9112
1211
328
133
322
2821
3811
9012
9111
9218
9322
8103
9813
1019
1191
281
1102
908
1011
3810
182
2011
3292
3111
3811
3102
1891
2108
1938
1312
282
218
1213
2013
2193
2381
1101
312
1132
9081
2121
212
3102
1913
311
9011
1922
183
1201
181
12
933
3212
9211
9018
1923
1129
2111
833
2119
1121
8120
2121
1982
3012
102
111
1218
123
3819
3191
1321
121
9131
3211
2911
2328
1021
9311
2391
1102
1182
1318
8139
8130
11
832
8211
2023
111
2218
1812
1128
2181
181
112
2191
8290
1928
28
1812
238
1191
913
1131
193
231
3110
2121
3911
9021
3191
1012
192
1210
2213
132
123
2201
1198
981
2198
1931
2111
2139
3111
211
3821
3229
1891
1119
1189
2191
9810
1201
3890
2219
1012
1128
112
231
1102
109
9811
9811
3891
1103
2119
9231
2381
1398
2831
3820
912
9812
1821
3981
1932
2218
318
2103
1112
32
1923
1213
8923
1298
1311
312
1218
1921
1118
3912
1811
8921
221
2121
3021
131
1891
9013
1281
1239
3211
928
2110
1891
813
1938
8221
2111
9102
2311
2110
211
1121
8322
1031
211
11
1182
1218
208
2130
1208
8291
8139
112
3022
1322
9213
2311
8131
2131
1812
1131
2192
81
2113
131
20
112
1281
2111
399
1118
3181
8131
1183
2119
1903
1119
2198
922
29
1139
1819
1120
9183
283
2912
3180
182
1311
131
1211
8391
2112
1021
123
181
2198
1193
113
3110
2321
9311
1219
128
2811
211
911
280
1210
132
2910
8903
2112
2923
3921
319
233
1120
820
2211
1103
121
8231
1980
318
2102
1280
8312
9231
1931
1398
821
3111
121
1839
1012
1912
2111
1132
8
2213
1893
2193
8190
1311
3198
281
111
3119
9112
1012
2019
9811
181
1310
1031
3820
3081
389
2011
2039
2112
1139
2138
191
2811
8132
2110
231
8011
1329
211
8922
1811
1121
1212
9221
2301
8193
2309
1121
212
3101
8011
112
1110
1091
3891
1113
1181
9011
301
8021
3112
8102
9011
1318
9112
11
2321
1192
912
9321
1810
119
9121
8201
132
3210
8111
8112
3122
2120
2319
31
3191
9801
1811
8111
1212
2111
211
2101
211
2113
2121
1812
9283
1032
8130
1110
832
1301
821
311
1382
112
8221
8131
1212
2191
12
3112
822
213
3121
138
2132
12
9318
1021
1812
1931
11
1211
3982
2112
2911
832
1281
212
319
1829
3911
2912
1102
9031
2398
9128
9131
1281
1232
2301
1239
1328
1138
1131
1893
2111
9123
1028
281
3121
2119
211
2918
1311
183
9211
8202
2113
8011
8292
1839
1901
2811
9112
2319
2129
1119
2290
312
1322
1311
282
9811
9138
213
9201
1921
9122
189
191
2101
1931
11
831
1028
1182
311
2110
391
11
8219
132
123
1281
120
1298
211
8121
322
3029
1932
8103
3191
3021
2131
311
112
1021
9121
1081
3118
9211
1110
8012
9231
210
821
8111
292
901
2290
1812
3281
1983
1310
1113
119
3190
8321
9823
1212
3011
8012
1181
1132
1219
920
233
1019
1210
1218
8913
121
32
1011
1902
1291
111
981
9221
1111
2101
9131
1109
1232
2093
1011
1112
8113
101
3120
1312
2121
11
1211
1320
1819
123
1912
183
3012
813
112
8930
1231
1193
2118
8931
12
3118
1291
2391
8
9122
1189
3118
1110
2031
820
231
1981
321
128
1380
9801
2801
132
191
1128
1013
2311
1823
9012
1812
10
9123
1329
1198
22
1321
2131
8019
1109
1112
8211
133
892
9803
1291
911
213
1103
2128
92
2112
8019
192
111
1318
3021
1191
811
2321
382
9130
983
112
1123
1122
2181
1312
139
2910
9381
1101
8111
2190
3111
1830
1982
2913
3201
9211
1982
231
231
3012
2238
281
3221
1201
8212
2181
1021
1122
931
9110
2210
1812
228
111
1913
2118
8029
2321
382
9211
2190
3192
1111
1913
1123
9231
122
8121
1911
8012
1130
2183
2218
1102
911
8911
239
8290
8013
8130
1138
2811
2011
1012
113
1802
9801
3821
1311
1231
112
8192
9813
2318
1232
118
8110
1013
223
9101
923
1011
8321
2089
1231
8109
119
8101
1013
8213
2180
9322
8132
8103
8391
2920
2113
1122
1
3011
2131
3212
2319
1211
2118
8109
1181
1892
3981
3221
9101
3982
2101
2392
1202
2811
111
11
181
8013
2128
8031
18
2191
1081
2118
1309
2118
1223
1123
2311
1120
3211
8310
1101
1302
1109
9132
121
103
2130
912
2310
391
8231
1811
181
9128
128
923
1112
103
2318
2121
231
9112
1223
1182
9318
9012
3281
9822
820
2191
3210
9210
3082
891
1192
3102
8213
91
2102
2131
2101
1131
9210
2181
1813
211
2112
180
3202
2918
2192
8139
221
2813
1321
1128
2211
3112
1891
1811
1981
10
1110
1128
121
8121
1282
2302
1832
1128
1392
1121
3918
2101
183
231
13
381
312
199
3111
2312
1318
3181
3812
2203
9381
1211
1102
1811
1982
8112
1028
1212
2118
202
9118
9211
1308
2910
1318
819
1012
2810
2308
223
12
922
3921
1110
3918
2928
191
291
311
1201
1112
810
8292
9813
2018
2321
2190
1391
2210
2318
3211
112
1210
2102
9812
1203
193
3212
111
1111
2913
8131
8132
9211
3022
8223
1110
1118
1281
8111
119
8021
10
890
101
2912
210
1209
392
1129
2912
