3011
9111
3121
8101
931
1130
9131
3111
1113
3110
221
311
811
182
2211
9218
113
2811
823
3112
8113
1021
8112
2318
1281
9238
311
1110
1311
801
1311
1911
1292
118
9120
8391
112
8211
20
2118
2138
8110
3128
212
1181
2101
291
1811
9012
238
2138
211
8129
2391
1108
109
8119
1211
8039
111
1182
3101
201
3119
3182
1320
221
9801
921
1201
1192
8112
1201
2381
1110
2121
8129
9812
2102
2211
8112
2318
1910
2810
119
9111
3181
2193
1231
131
1211
8192
292
2113
8101
2111
1812
921
1232
2092
2911
811
9138
1189
1110
9131
3191
3019
2901
3189
1012
2920
3211
1839
9111
192
121
9201
1118
1281
299
9011
2130
1192
112
381
9201
2198
212
1308
1221
1120
1320
8012
912
2191
1891
9112
1282
3211
1810
21
2138
9111
2111
1218
380
1801
118
3181
1091
2182
203
9031
1112
928
9311
3121
1182
2908
2091
2901
1321
1312
1180
1112
3221
819
918
1392
2921
19
3101
1091
112
8310
1120
1193
1381
1023
8112
3128
112
3192
129
83
8112
110
2102
118
1182
13
8029
1190
2392
1111
9801
1193
2118
1198
3812
1913
1219
9103
891
3121
112
112
1912
2021
3102
1823
1122
1021
1318
1291
1191
1191
908
2811
1128
3120
1821
3102
1823
211
1181
2101
302
3211
3129
211
1119
2923
131
2191
8091
2181
8920
1029
8291
1192
2911
3119
1811
1123
3110
912
1221
2119
2312
223
13
1213
1811
819
3128
1381
2198
1811
1813
181
1921
1281
3118
1201
9822
2091
81
9122
2189
1221
118
3019
12
213
9810
9813
9031
819
1920
301
1012
9181
2901
1131
3111
308
921
3128
3019
1819
9201
2181
299
3910
2308
9112
1910
2813
1321
113
91
91
3821
2111
121
3191
9201
121
21
1908
3912
119
112
112
381
3012
121
1812
2310
8011
312
3210
118
1182
2801
231
9311
101
2891
2129
2011
1821
8231
831
1239
1011
2110
211
1111
121
119
8921
1123
1301
1932
2198
8132
1928
111
1813
1218
1213
1132
3120
1180
1108
9111
9812
211
1221
318
281
2111
9232
1081
1013
3211
813
2938
913
1180
1103
122
1902
391
8139
1111
8122
2118
1831
218
2181
2119
3211
1121
9011
3019
1281
1229
1180
1912
3229
2119
1382
138
2118
1810
891
280
1918
9110
2119
3212
2011
1312
21
2182
2218
1311
9212
2811
1913
3128
328
322
9112
9310
1291
1821
3211
1812
1282
1819
3921
1021
1129
8109
8192
2118
1183
1981
13
1902
2011
1913
1112
931
3012
199
8121
8091
2920
3901
112
2811
321
1821
1113
931
811
3091
3210
131
1981
8310
1911
1208
1189
2180
231
3210
8112
9212
122
2932
2912
2130
3120
213
892
1310
912
1321
139
913
9182
111
8212
3111
183
1122
1111
1029
8119
1013
3102
112
3112
9011
1289
9181
1221
9121
121
211
319
2021
112
220
2101
8232
9101
1231
3101
2113
291
3920
3111
1902
1209
198
9321
9218
839
1120
1128
32
3118
189
1819
123
8121
1912
132
1382
913
2193
2213
1210
1218
2108
9118
8211
3112
3180
2893
1890
2809
1190
9310
1013
811
2910
9180
1820
9138
2311
3111
1291
1102
2113
1120
1982
9210
9012
8109
2819
1821
1813
312
121
9110
1031
121
188
3119
201
100
2921
1121
2121
3011
8110
1311
11
3801
329
811
3289
2812
913
122
1213
2110
213
1309
1113
1193
2918
2113
131
1280
202
2321
1081
1813
3018
1128
1211
2920
1111
1012
390
1021
3901
3210
3219
1131
9831
2191
2819
1282
2093
192
1912
1208
111
192
2311
1022
1980
8320
911
102
218
1282
2189
9311
1128
132
1112
1192
9111
2831
1121
3211
121
1392
9212
1121
1021
2191
319
1282
3911
1811
1918
3280
1102
281
9211
1129
92
2182
2180
1812
1221
9121
121
2189
2131
21
8931
1189
1312
8221
9211
2119
2101
120
1021
2101
1223
1921
8192
1120
9813
2111
910
2812
1318
2213
211
2181
230
21
1911
101
2182
9322
2091
1112
2131
8112
128
9118
1823
912
9320
312
9112
1138
3211
1101
1228
111
911
2981
9112
1021
9013
1121
3981
211
182
1930
8921
3229
193
921
1121
2312
1228
1180
321
2321
2198
1201
2111
311
2011
2011
132
9318
3118
2113
1823
1028
1310
8901
311
291
2121
2802
2111
912
1321
9211
1220
1981
2011
9111
213
1032
1193
12
1283
9122
1391
2181
3201
92
8111
3802
1812
2101
911
8121
2812
1819
1309
2189
2112
1180
3981
1021
2011
1081
9211
2130
291
9111
18
1113
1110
2101
3112
2211
1802
3118
108
1892
81
1811
2218
211
2181
112
1821
9823
111
1192
1813
810
1180
1311
3011
813
1301
9110
1902
912
310
113
9822
1932
821
1901
1082
1138
1122
9312
9181
111
3212
832
181
3220
2189
108
811
121
9802
112
292
2211
2910
2113
2011
123
1891
111
9181
3181
3192
8021
1131
3181
3012
8192
1218
131
8113
3981
1228
2128
1211
3121
9211
8113
321
21
1819
8201
12
81
288
3121
8112
2112
109
1011
8121
8122
2911
2012
1121
12
938
1022
128
2138
1110
9182
911
2011
1210
812
831
3218
2023
111
8011
8101
9121
2219
9811
8112
9121
1911
3201
1238
1212
3981
8113
8211
1118
311
1329
2901
2318
2182
113
2930
822
11
1111
1821
2910
3102
3119
1311
3029
1012
2101
112
1211
2119
3101
213
8212
211
298
1190
289
132
2108
2283
8211
1282
2131
8012
23
83
1181
3119
1801
398
1123
1810
3911
1218
2380
928
2821
329
1112
9801
1182
3928
1229
1021
81
2189
2101
2189
1110
111
8230
9081
32
1202
9231
328
2113
3121
9121
8121
2121
1811
9112
111
8322
2112
122
23
120
9132
122
811
1239
113
128
3211
8230
1221
3921
1931
