2821
108
9182
2110
1192
2023
9812
123
111
2981
3922
1101
189
111
8911
221
113
12
283
118
101
1321
2111
1292
213
9081
1830
1931
2021
1311
9202
9111
211
1809
1131
112
91
3
1110
2128
821
9181
802
1091
3119
1311
823
380
8121
1191
1301
221
832
2821
1210
132
132
1312
1118
1281
2101
1231
812
1280
139
129
9112
1390
1013
2111
8130
1102
1120
1298
2301
3129
1932
321
1281
132
2112
131
3019
2101
8129
9110
1201
822
1231
2021
1132
211
2082
8122
8110
1213
1089
1912
3811
328
1231
131
211
2210
2181
911
318
2891
311
3118
2813
82
2198
9121
1122
8229
198
1118
3218
21
1282
1912
1113
3101
983
1182
3019
212
109
1132
2123
3019
820
2318
1109
3112
2101
1810
2111
3190
112
1908
1112
1138
311
8132
2119
1011
1128
2182
2113
181
9082
212
8112
1202
9023
1089
8212
130
1108
213
8231
3118
2981
312
3918
2132
812
9022
9012
1111
1282
8913
211
2811
3019
291
1031
112
1081
129
1292
8092
9013
8301
1230
8920
1231
1032
9183
1318
2311
1918
3819
9108
9201
2102
1913
1180
9213
3111
1213
111
1213
2111
9182
1138
1210
1930
1112
112
1281
8312
1112
8231
3221
311
9213
3211
238
1081
892
3918
1211
2183
1098
8129
9122
1913
8239
1182
8213
18
9112
113
180
123
8193
9811
1232
9311
921
8190
8111
223
2111
9011
12
2231
2918
211
3021
2910
812
8021
8013
2031
3291
1121
3291
2931
119
2819
322
3102
2110
1021
8911
2831
9211
1289
8901
8101
9310
2101
2311
9103
1201
2139
1231
128
1910
1132
9382
1111
1218
8121
1812
1813
2101
1210
2193
811
1102
119
2011
3120
1183
111
80
1089
913
8192
9831
892
1389
9111
9181
128
3112
8120
1813
3218
8912
118
2101
3189
2110
2211
1892
9210
1118
1110
1182
2111
1192
193
8219
810
1282
811
931
211
1921
1121
3211
9022
9101
8912
831
3101
112
8132
1120
119
1131
1118
1318
119
8291
9208
1308
2111
1113
120
1391
2103
3120
3211
2891
1119
3202
288
122
2181
291
1821
9812
13
21
9281
3228
1132
1809
8911
1209
1211
1189
1821
2921
289
3128
2012
1212
1302
1123
1113
3111
11
9181
988
3121
8230
221
112
3111
1101
812
1192
2129
9110
1298
1120
1910
1132
139
2093
3101
9011
1122
3012
111
9113
890
1903
8131
8232
2121
1281
2801
1021
2891
11
9211
8109
2031
1911
18
1918
2113
1801
2123
1013
3119
9111
3912
320
8392
211
3012
8113
2911
111
1912
110
118
1220
111
938
1121
811
3292
1112
2111
813
1102
9103
102
1389
28
8130
9381
1191
281
1212
1911
18
381
1129
90
812
1092
918
131
1191
1231
122
1111
8221
8911
1322
2110
1218
12
9810
319
1023
2112
1181
922
1210
112
2811
2028
110
3801
2901
913
3211
1023
1111
2211
812
1181
321
9213
9812
1901
931
928
9821
2013
1212
2112
1119
231
8912
2932
1131
8329
1231
1192
1182
2111
2111
2110
3212
1191
3101
1811
931
3211
8122
1101
2138
2111
8139
122
1321
3112
2902
8210
2111
1890
1811
1023
2912
2091
208
322
2218
8211
2191
1011
2983
2119
213
1120
8311
2102
1013
2121
8191
1220
1892
1181
932
3120
3201
1208
1981
3102
3111
2111
1930
1081
9280
1911
1029
911
1228
1819
3082
2018
8119
3101
9810
1189
932
3121
9210
2289
1013
310
8122
9121
1823
8122
2119
221
830
3119
3892
1101
1819
2832
2209
1281
3221
2018
1932
1211
291
2981
3112
1321
1180
2190
9113
9111
312
213
19
1203
9130
2032
1102
1212
219
1131
9218
819
1912
1290
9122
911
1302
1902
2189
1193
3121
2912
1318
1219
3019
9110
1319
8211
2920
9110
1319
2213
3902
1111
1811
19
1132
9138
1123
9311
9013
1021
8192
2910
1190
9122
2180
2801
231
1022
3910
3819
1109
8312
1210
2019
821
9218
290
9318
1911
1021
12
3192
201
213
281
1822
2921
9112
1113
292
2011
1081
222
221
1289
8121
9011
1290
121
231
1219
112
9212
112
1238
9311
9112
1319
123
8210
2101
1082
1811
3191
129
1932
1280
8210
2129
8110
1289
1011
8931
1281
1129
1219
8031
108
191
1219
291
1102
3922
109
1109
212
1119
1319
918
2130
2181
2298
2812
2198
3119
2111
9121
211
8212
211
1210
9110
122
3108
1203
9032
1190
1928
913
210
8013
1021
132
3022
1121
890
1209
9123
2118
2031
3121
1128
932
3101
1120
1122
321
1219
2101
1109
1102
2291
1922
3921
209
2118
1182
2110
9108
130
8392
181
1301
9280
191
90
1239
9118
1321
3811
111
8913
9231
1219
2380
3922
1013
1280
1120
302
1123
1110
111
211
191
9131
1221
1191
122
911
1098
2120
1310
1910
2121
1191
1111
312
1081
8102
281
3820
132
2983
9118
1921
1212
8011
291
1801
3911
2132
1932
821
1811
1302
3118
232
9280
312
9211
8101
2131
3912
122
10
1108
1189
3228
1191
9131
8119
11
1023
931
9821
9113
11
8191
2111
1132
1312
221
1213
1211
1930
8212
2021
1182
910
1981
318
1123
1190
11
9023
3822
9081
8129
281
318
1113
2111
3111
1293
2211
1081
212
1322
1121
231
3012
2121
2801
8110
3182
9118
923
821
9221
9210
1201
3819
3111
131
912
803
9312
2118
1180
111
9321
112
2191
893
129
280
8102
3112
1183
2101
212
9122
1319
239
8219
318
8910
1123
1089
8201
3118
1022
2098
8091
2301
1031
811
8291
812
1119
2029
3192
181
8202
1021
8911
1920
1118
1921
9802
2218
2112
1282
113
1981
8111
912
1112
1211
118
1312
3221
1319
8021
831
1021
3011
3191
1193
1212
2310
9218
1130
1092
9102
381
2311
2291
2911
9081
911
3218
302
8112
302
1829
912
112
111
321
281
2301
2102
1298
8109
1221
8122
9120
3191
1292
1238
1118
1819
81
9112
138
181
8311
2121
111
2013
1031
811
9101
119
1831
1130
1129
189
2011
3012
9113
231
1181
131
1382
123
1811
8110
9013
21
8019
913
9122
1112
9811
8221
938
1398
3811
132
128
1180
2310
9321
221
1128
3912
3281
1911
9120
1110
8211
2118
2181
8210
219
8901
1123
1129
9301
1291
9102
3811
1920
2192
9813
8311
918
9102
180
281
892
1202
291
2112
3911
1821
2811
2111
1201
9228
211
3111
8310
2032
381
181
1190
3181
1291
1139
1823
112
119
912
2113
2189
1211
1821
9221
1122
2131
22
113
1031
1982
213
1211
229
11
2183
9111
811
3211
8119
8113
21
1223
8113
811
8111
1301
9122
9101
1202
3280
8312
3819
1209
2131
118
3112
1910
2813
3921
1113
8011
193
1210
1208
2203
9011
832
1219
2918
1129
391
3229
322
2218
9318
181
922
1928
301
893
2131
1118
1011
1320
231
1121
1218
1908
113
129
292
1130
1232
2981
1110
821
1802
3198
132
1902
1181
9111
1013
3019
2211
3129
9221
1910
223
8092
8012
8211
8912
1291
8122
1013
3922
1329
112
1981
89
1013
8131
1812
3910
2119
1213
218
128
1012
281
2112
3081
1129
211
9011
1312
2821
8121
1182
3118
1301
1181
2231
3281
8022
21
2312
1113
1822
811
189
311
312
2019
119
2210
8112
9210
9128
1203
128
111
1191
1223
3211
121
1121
810
1109
1201
2218
181
1131
311
9081
3119
2181
1089
1183
9210
1813
1298
2311
8031
218
380
131
3980
1201
3212
2189
8329
8120
1112
2119
3219
1109
1932
9312
1291
1221
3921
391
2182
2211
812
8311
9101
391
209
1221
122
3212
1319
1022
821
1291
1119
21
2120
2111
1112
1812
1201
3210
2112
120
121
191
1901
3111
118
3812
2018
1921
211
9128
9302
1112
1201
1192
1890
1301
3201
2012
9112
1819
2108
9201
81
2210
1213
9812
928
1380
9111
9803
1910
1983
9102
211
1181
121
9011
3110
9231
1183
121
8911
3908
3118
1091
813
11
3892
2081
8201
8111
22
1118
3801
1311
1231
9121
311
8210
2110
1013
1911
1932
10
139
8019
3011
1911
1221
9121
1811
1129
2119
2921
3819
121
9012
2811
281
1108
1192
813
3211
3112
3211
1292
1201
1212
8111
101
8312
2108
2012
2801
9283
911
1290
8111
9213
8201
122
1110
1380
1113
1931
9131
1213
9321
2908
1291
1029
2311
311
181
1118
1320
101
8011
922
1138
1183
128
9812
911
9212
9211
1122
3121
8193
1112
1101
111
9810
1832
9118
8302
2891
218
8109
19
181
113
1218
1139
9111
2201
2092
9230
219
3910
8220
1893
1112
1121
1110
2819
111
1181
9102
113
29
3912
2081
1121
1289
2219
2101
1239
821
1282
1812
823
988
111
1191
8101
8012
928
291
1983
212
1111
1012
3022
3111
8923
1802
8201
118
8113
8112
8102
9132
9813
281
231
1011
21
1823
1081
1191
9122
2310
2019
1291
3108
8239
1901
1131
2318
9212
1032
121
3121
2211
2921
1130
1212
381
18
1220
2118
1223
1110
1902
8312
1011
1810
910
2119
822
1138
8129
8110
8210
1181
2813
2980
1201
182
811
3191
1390
1128
1281
1081
1021
8011
9203
3121
3120
9011
111
8011
2218
8213
1012
1023
28
119
1811
2932
181
8211
31
8221
3122
1022
118
1180
232
1292
1822
1129
1391
8230
2211
9801
2119
183
2121
8212
2
319
2301
129
3811
1819
2911
111
1181
8132
2119
1132
1289
1181
2181
9111
2811
8121
3221
1321
2811
3211
9118
1238
1208
3101
830
1021
1119
1220
9113
8210
281
8311
2801
1902
281
1801
1129
9132
9231
1813
1119
212
2181
8210
2902
312
8110
913
3110
8291
190
211
239
2921
2821
120
911
2983
2911
1118
9018
212
8111
111
813
1210
1118
281
2111
9111
1928
8110
8210
112
811
1301
2201
3921
8910
111
131
2829
1110
1023
218
1122
1031
119
3821
8312
1202
1112
113
9182
1311
1913
9111
2011
9120
3191
3821
8102
3821
8139
2918
1121
1321
891
9821
1111
8011
1190
129
3111
1910
1013
1129
1112
312
3218
189
1322
3282
2310
9811
3208
3212
3119
1832
1821
9128
1901
1129
8192
1180
1811
2181
3011
3121
1191
2301
1123
1980
823
2810
3121
8112
122
8912
8091
211
1212
1110
188
8013
2121
9811
1101
1382
9112
1139
1213
3201
8112
1830
220
8013
9011
20
1231
1123
311
2910
119
2183
328
1312
9821
1182
9081
1320
192
1910
9013
982
1901
2931
1029
1221
1201
113
3211
2111
8120
8131
2912
813
2213
9823
1131
2218
2893
1912
2208
1131
1202
2908
8191
1820
1219
121
2191
12
1119
1902
2111
211
211
1081
1083
2119
1819
1180
8211
821
1211
8229
1109
8129
2181
9132
8190
1210
2813
821
101
8293
2119
3220
18
9012
9321
2038
3111
121
1082
3912
3181
2813
2081
2913
1111
3021
3809
1191
239
9082
1298
3182
1912
181
911
810
193
1202
8211
1893
9231
8301
9321
8319
1012
3211
123
1382
2189
1219
8013
3212
1812
8221
1109
3012
932
3211
21
3191
811
208
2118
1283
8012
1128
1811
1822
181
2810
211
9201
1091
2018
8913
318
3111
9223
912
1298
2211
8291
1813
2211
1120
1109
1891
1812
211
982
1228
811
2101
920
1911
8121
2210
98
2132
1921
2921
3011
283
8122
3121
2211
2801
2311
9131
2123
1928
9102
9012
1918
2980
2019
192
1181
3112
2131
9812
1312
9120
118
2931
8191
1031
8101
2131
3911
2121
1280
1101
3928
9131
102
1182
2013
1803
1113
9138
1212
911
3821
2081
1112
2112
2923
111
8121
1191
911
813
3181
822
229
2119
2131
9118
1112
9113
1120
1980
1938
328
3192
9810
2391
2191
9180
8193
1119
1211
1121
130
8211
1193
8191
181
9381
2129
819
2189
311
1189
1912
111
2181
2102
2131
111
1903
391
111
1113
1130
3129
1103
203
3219
3182
1129
1081
3822
218
1028
2111
3208
8312
221
1392
3209
1101
1291
22
1108
2211
9112
9320
9211
1321
1928
2801
113
2101
9231
311
1012
2819
2311
1018
9122
2111
9132
3811
9181
1291
8130
1128
328
2121
321
3111
1980
182
2921
2111
2113
1189
111
189
21
9832
1320
112
1082
119
11
223
111
1822
1192
9123
2902
8120
8110
2111
2281
1028
3021
1211
2301
8122
1201
9021
8209
8101
1128
8911
119
139
2021
1821
328
238
1231
1101
9221
2021
1183
9081
389
129
3211
1319
3122
2921
2111
921
1221
1102
8112
312
1298
112
1230
139
8011
1213
2281
211
9108
821
182
8312
2829
2318
9120
1012
1022
811
8120
131
3192
2932
812
801
239
8910
8911
1298
1812
110
1811
2101
2128
1220
21
1813
2812
921
1829
9212
1920
2102
1212
9131
1102
8120
1811
3298
8219
1223
9122
18
1322
9011
3121
2119
181
1023
118
1212
231
2301
3012
9221
2081
1109
9302
2031
1013
2821
1392
9132
9328
1109
1203
139
3118
8031
8121
811
102
299
3281
819
113
1908
2013
1121
1892
1191
8911
213
3982
322
2118
1201
1289
3121
121
1130
2181
1328
1019
231
1112
2213
1211
11
2191
321
8130
8920
2213
9202
121
3112
822
81
1810
2198
1220
8119
9131
9212
2120
3111
8901
8022
2910
219
291
2118
9121
932
3098
8113
1120
9308
138
1819
1902
302
9321
9123
12
1911
3011
8121
1021
2019
9121
1023
3192
8011
8910
112
8019
921
2103
1310
8109
2118
311
2211
8122
9221
1382
9110
2310
392
2312
131
3811
921
9221
1318
1922
1321
3210
9120
2018
2112
2811
803
9822
281
2118
11
319
321
2913
2231
200
9302
112
8213
189
910
381
1319
9812
8931
3111
8031
1028
1823
112
812
3221
1131
111
1202
822
113
801
1839
1122
922
2102
811
123
19
12
9102
8112
8931
321
2391
1013
18
2139
921
9312
2132
9122
3119
2023
8191
2911
1182
1822
1081
1291
1112
3902
8319
2118
389
1392
2811
2181
2208
3219
1901
9321
212
1122
19
1322
8111
1821
9181
2319
2391
1328
9218
3118
3201
118
1083
1091
181
113
111
2193
1198
2189
921
3180
122
9281
111
1322
1291
1118
1221
8221
3102
10
8111
311
3110
9312
118
1
2132
102
1822
2013
2201
1812
911
19
1319
121
128
3211
1389
1831
8922
2012
1810
203
9311
2011
1012
1121
1902
2911
2312
3081
221
9211
1911
2208
1201
8231
1281
2112
1328
1923
1132
1189
2981
218
3112
1211
8911
8219
9012
1211
802
3821
1829
9201
911
302
938
3019
21
1081
11
9113
2391
8920
8191
2920
2230
1390
11
1098
1123
3112
1192
931
1832
3191
1102
813
8212
9831
1121
1392
8912
983
2019
8111
8029
112
1813
100
122
321
111
1122
2311
1291
1182
3111
3191
2110
1120
1192
8291
819
1312
8120
218
1291
9218
3221
2830
8119
9308
9221
1210
101
9821
1382
2192
1212
8311
1312
9011
3190
1112
293
2312
1308
1112
1318
8930
2911
1811
1301
39
138
8112
3011
1823
1221
9011
3011
3211
2831
1183
1892
1091
921
182
810
122
119
2132
9118
1111
2121
1011
2101
8321
1120
1893
8112
9110
2023
3891
1212
1180
2120
1211
9831
8019
1108
211
1812
1202
1122
1982
2180
1930
112
8012
2811
91
1113
8121
1918
1132
211
2191
2198
182
2390
2110
2139
1212
2089
1901
890
8291
1212
1821
803
8201
111
109
1328
2321
92
231
118
9212
8923
1891
811
1192
1321
131
8910
89
181
1301
110
1208
210
131
321
981
1218
2101
11
1110
1138
8910
2138
112
8121
2931
2101
3102
1132
9113
1012
1911
8231
1803
8191
1132
2109
1129
2813
1038
10
1111
213
1129
121
1093
128
1911
9013
3198
3021
8311
2119
1810
819
8209
2129
3129
1119
9201
311
1098
9110
281
32
1132
199
8109
2031
2019
1913
1310
2211
1128
2311
2113
121
823
3821
9101
1211
2139
311
221
221
2012
198
112
3121
1311
811
1380
3211
1128
2911
903
1382
390
811
1112
1111
8221
131
1831
2821
1120
2089
1119
312
8201
1923
1831
112
1322
112
9082
8012
9121
1032
91
981
8312
121
1110
111
221
8193
1211
121
231
1832
2111
391
298
9132
921
3219
1120
1218
1011
9321
2182
1110
2110
8923
8201
8291
3109
1832
91
829
1921
1901
181
2320
3128
9131
219
2911
181
3181
2108
1913
2112
9130
128
9208
9021
8031
1229
1298
8230
3112
38
398
1192
3018
1110
2930
1928
1013
1039
192
2192
188
3921
1212
8112
2118
1129
2091
1111
2181
1193
1182
238
8102
1812
9012
810
3911
102
1811
1892
112
3021
1122
8101
2138
8221
1821
8912
111
1812
111
1289
9183
2119
11
121
2381
129
1211
1913
9181
923
821
121
1098
2110
1128
1218
931
291
2180
2191
912
3108
221
2398
111
1012
22
238
1831
311
1221
10
1191
118
1381
812
3298
1211
390
1102
8121
1819
3119
290
18
2811
3198
211
3181
22
291
8219
9083
9021
319
1031
9112
8021
1213
9121
1810
2311
2029
1223
9210
121
1183
9038
2911
3221
1328
931
238
9180
181
2130
3112
3811
1283
1190
2191
2901
1120
2810
8221
382
212
1121
2920
1231
3920
2189
1221
1811
3210
1391
802
192
811
2183
2301
1328
1113
2111
8211
1083
892
233
1211
1181
1282
8223
3928
291
9130
1012
981
121
932
3902
1192
2280
2812
9132
1293
9011
2911
918
2912
3181
2113
89
9382
213
1812
8121
8121
1210
1101
1221
1182
1083
9210
2011
2039
9282
211
2132
9121
1118
121
211
9208
113
9082
1138
8210
1011
83
1112
2121
8310
1211
1108
131
291
8121
8232
8920
2183
3221
1980
1812
9211
1182
8301
1109
2210
112
1231
932
3191
2211
8101
812
8111
2113
111
8011
9311
3921
3102
1203
8113
1129
1820
9112
181
1021
9128
2930
3191
1120
9110
2811
2021
1292
2211
1192
2911
1980
138
182
391
3811
8131
9311
8210
9138
8221
3120
1111
8321
2931
1223
1922
283
1110
3189
111
1232
9211
1119
8112
9820
231
1901
2120
1231
111
2102
191
22
1913
3101
928
3891
1181
1208
3082
8221
8211
3109
281
311
112
9382
3101
1122
982
1211
1191
891
1911
8101
211
9113
18
9380
1221
119
9021
8302
1981
8311
8101
1389
1283
128
120
3821
902
111
2391
988
1931
1911
1191
3911
821
3021
3211
1139
1221
3810
8192
1398
1281
1211
1082
2103
199
8191
1138
2108
1923
891
1281
2110
221
1132
298
311
2192
1129
2130
112
1121
8211
102
8120
3211
2118
1180
2218
2911
219
8110
9381
1191
1982
8192
9111
931
8102
391
2118
2311
1213
1198
8111
91
3128
1038
239
9211
1123
1211
1811
2129
2121
1910
2931
8121
2021
1829
1219
1121
8211
102
2812
3911
1283
1211
1231
2113
9211
9221
228
112
8213
8312
1118
2111
1912
2111
1128
831
111
3011
201
8922
9120
1182
9212
3291
813
1112
3111
1211
922
81
311
1139
2132
1128
8112
9311
191
1089
8131
2321
2101
8111
1380
3021
211
9812
211
1121
1138
101
8192
8201
3211
1921
121
1322
8119
1903
8110
3109
1281
119
1119
2231
1211
1101
183
1831
121
1301
1829
1031
8092
9121
3910
101
3211
21
8112
31
2121
3098
1123
1312
2182
1823
912
2118
1832
398
2091
8221
1921
823
2811
1282
3211
2891
2119
212
1228
9280
2131
2101
9130
182
1128
1912
2321
9321
9122
1891
389
3811
9101
2198
3811
928
2311
1223
9211
1212
9112
12
831
222
1819
9311
219
3981
918
2111
8102
9113
9232
2101
3891
188
1811
1213
1202
890
3012
119
9381
2210
1318
1112
1129
1301
112
3811
1122
8390
2018
1918
1911
1118
281
1182
2011
128
211
3921
2103
1201
1211
9301
2210
9132
1190
8132
3111
1201
1980
190
2111
211
1811
101
1111
812
2213
2319
1029
9112
3122
3211
8913
2191
112
2311
322
8112
1121
1192
1109
1210
1122
122
8191
3120
8011
2921
2901
1128
1182
9308
131
119
2111
1132
8910
1320
1128
1111
802
1123
3920
1111
3110
2192
1318
8910
392
8213
2831
8130
2012
2082
1089
8112
3811
1813
1119
3210
1021
1113
91
213
8122
2213
328
1101
3801
1112
3091
8011
2381
382
218
281
2113
1321
9228
1023
88
1113
211
3129
3021
312
8132
8122
8221
2119
8211
1893
2112
8231
193
3181
9111
1112
8319
282
2911
1381
9221
8392
311
118
812
111
1122
3911
2013
1101
32
908
8192
328
21
3190
1181
122
1391
1118
810
1138
2101
8109
1920
8311
1311
1011
9112
223
8031
2213
813
2123
218
2191
8110
1312
128
8111
9021
1110
9312
8123
123
3119
1321
1191
219
291
2192
1913
2301
1291
11
1192
803
1892
2118
103
8132
212
3189
1213
181
3211
8921
381
1892
2193
183
9112
9121
382
2110
239
1129
2011
1920
8120
1122
9180
9213
218
3810
2811
9210
111
8121
193
1139
911
1211
191
8219
3122
8131
2011
111
8913
2193
1128
139
1308
1101
1113
2391
2310
209
1293
211
312
1112
8192
1819
813
9130
139
119
8191
132
1113
1312
2231
2118
3121
1128
2189
8191
1319
9312
913
18
9281
1110
9220
131
1391
1111
1132
118
2930
3021
9022
8019
118
918
118
23
1112
1123
982
21
2293
293
23
183
3129
1230
181
211
9021
802
2210
182
1111
8131
911
8110
1193
9221
2911
9011
2123
2321
1120
1891
918
3102
1191
9281
1012
9810
1122
8122
931
8111
180
8112
121
3129
1839
1981
2111
9122
191
118
2219
189
1938
9122
2211
102
2380
1312
2913
2191
1319
90
1128
9218
1289
2913
1823
3108
1121
2111
1321
311
1182
211
9011
3108
3811
1221
2381
3128
3819
1011
219
822
3128
129
28
1310
31
3911
9202
212
9201
2091
1022
1181
110
9210
311
310
3129
1981
190
1101
1981
2028
1193
1011
9022
2118
211
102
8121
3812
91
9012
1831
211
1981
193
1110
3921
2911
1931
8910
3821
2923
2128
1218
1031
391
123
1820
9013
1013
3110
9202
1910
9110
1029
1219
121
2231
9811
1803
9131
1281
1021
1928
8129
8291
1821
1181
2129
290
3201
1809
2312
2112
2112
181
9011
811
1911
3092
1823
1921
201
1291
131
2291
1038
801
1219
1301
8032
329
1311
1318
1121
128
1813
1022
3211
1122
1911
2129
2211
1911
111
112
1321
1129
2902
8123
9310
1982
209
1121
131
9311
231
9131
1821
2121
1093
1210
211
2911
2139
3110
3201
1011
111
2032
319
192
3810
2913
9130
9380
3219
3912
131
8113
8319
1198
121
3228
8291
3211
8211
128
1321
9110
1181
1398
1822
211
9182
321
3012
112
1903
9211
1191
1132
1103
8319
1911
1012
1011
821
1389
1139
2123
8902
911
2108
3012
101
1280
321
8123
1912
1381
1120
812
8221
1120
1280
1181
3118
2238
812
8920
1102
1239
121
1291
2111
8302
1322
219
2831
2108
1089
1182
28
1239
121
2113
3221
1291
298
3112
128
829
8123
31
2211
9322
8110
2118
1120
2801
2190
9211
1121
982
1132
9201
928
311
3212
1198
1128
2318
1289
1128
1113
823
311
2812
2101
1110
2118
9122
310
1312
8211
1311
212
81
2392
3181
3822
1139
9101
1118
9211
210
2911
8213
801
1380
1032
1011
1113
2112
9112
38
11
9811
9801
1112
12
9228
912
1103
1121
182
1312
1113
2318
11
9830
1111
2108
911
8210
318
2318
1891
9381
1182
1912
9218
1218
9012
3298
891
8221
1802
112
8211
2831
1228
9111
218
1129
1122
191
8191
2280
2381
1811
8019
1021
3182
1210
111
112
1102
1130
3290
2111
2381
1902
8191
2181
8113
2210
921
111
3112
1132
9118
1202
18
129
11
9121
121
8111
231
2180
9111
2111
12
1029
2119
9111
112
3021
221
1112
1182
9201
9183
1131
9301
8910
122
1983
2209
9110
9123
2983
3218
1301
812
2128
1239
3111
8131
1913
1109
913
328
1101
2031
113
2129
2112
1329
8212
281
138
8112
3912
1281
2231
1202
8132
9112
1819
2318
1011
2118
1189
1231
130
2131
2139
1019
1811
911
1213
2193
9112
1198
1038
2111
3012
2031
119
8311
3901
8201
1910
1011
1210
398
211
8211
1129
3112
8112
1923
2301
1219
9113
9081
3119
2101
9112
1111
9321
221
8230
9801
2311
21
2118
9203
2923
9321
2181
921
2329
8123
212
911
281
2012
2391
1139
8131
112
129
32
2918
9811
3192
211
1119
33
2311
1218
12
1032
1112
111
390
9211
2091
1193
8210
1120
2018
3109
2130
121
1938
9081
1022
9210
8112
1112
9111
1132
2321
1211
9120
2113
1122
1021
1223
118
1131
9220
2180
1291
312
3108
3811
1129
1281
1192
1312
1013
311
1922
2013
1220
3198
2208
1281
1122
1829
910
1122
8210
113
823
19
1102
9130
1811
1920
1922
832
2181
8012
2183
9810
9831
3110
1293
221
2891
1802
1128
208
1212
8130
1013
311
1221
3291
2819
1190
1028
1123
9111
321
8121
2820
3108
8021
132
1012
9182
9111
1289
2138
1130
2310
3028
11
112
1281
2111
1201
1112
9120
2102
8310
1210
1230
3911
312
2193
3811
121
9211
1921
1319
8223
8131
812
121
192
231
1293
9118
1018
1022
1811
2181
912
1129
1903
2101
921
231
1122
3192
2113
1810
119
9311
119
2821
3901
2112
3191
3101
3101
118
1119
8112
1101
112
8
121
8011
1110
2821
101
2911
21
12
8111
2831
129
111
1031
812
128
8202
1311
3228
1138
1822
321
1391
1201
8211
11
1312
1038
1209
1032
3811
9131
1119
2291
9110
2098
118
321
3910
111
120
9102
2311
1181
113
3128
2198
9310
122
1191
292
903
182
1212
9118
9128
2928
9132
3912
9021
3111
3290
2811
318
2211
2891
128
231
1311
283
831
9182
1301
1190
123
121
1011
111
181
9121
1302
1201
221
811
118
1018
1181
108
9211
1391
8122
8119
3218
218
3810
8201
8011
3192
1231
1202
9211
9238
2123
1128
198
1118
2301
3221
1819
1011
11
8021
2021
191
3128
2120
9211
1101
1122
9110
1903
2110
1118
311
1912
2113
11
2201
1211
2190
2218
112
1028
1011
139
1391
211
1119
2312
9813
8210
1912
1122
9121
1022
1289
13
1112
9212
138
2213
1291
2901
1823
1981
182
8121
1091
3029
1238
1831
218
1319
9112
2239
1329
3802
3920
1122
308
111
1082
2191
198
1210
2811
8111
2810
2112
1182
1301
1182
1021
1111
9113
8091
3182
2111
1381
3091
13
1182
2131
281
9121
1112
9221
1181
1101
2901
3111
1123
21
1328
1211
3181
2321
8112
3181
8192
1112
1122
2893
2311
3228
3912
2021
819
239
1092
123
281
1032
1101
9211
8932
1908
8112
1122
1911
91
1301
2102
2181
1922
9011
1139
9201
112
1129
2138
9218
9801
128
3211
12
1121
130
2111
133
2112
8910
9121
2931
1128
11
900
1091
311
192
2231
301
8129
1312
20
9131
181
192
9211
1022
9110
9811
1211
2319
189
3181
2810
1191
1121
1910
1028
11
1021
1131
1021
912
12
190
2901
2208
2191
311
8910
201
9121
1119
131
8231
11
1891
1118
1321
2931
9118
3118
2230
9113
100
2112
120
3281
1911
9311
1201
1322
181
2913
1129
8901
1128
2321
2121
318
3228
801
2012
832
2031
122
1310
9211
1219
2113
1192
312
2291
1219
1301
2102
1301
1210
8211
131
1193
2311
2801
811
221
2812
1801
1310
2810
2281
1920
1121
1089
8019
1129
9012
1211
8211
1298
1023
8221
2111
981
2912
1321
2211
3812
8123
1891
8211
1311
1218
9123
201
2801
1239
1131
3111
2181
2112
1103
121
3291
2028
1938
1181
199
2211
108
911
123
1113
1938
1912
9102
188
1811
3181
3122
201
1031
3029
9232
2102
1189
2018
1039
93
9281
9318
3118
391
131
1211
282
1112
3911
1221
9182
1109
2811
1211
2130
8221
2811
2112
9221
1839
1113
123
9181
1190
228
1192
3202
1321
1128
9132
8311
1291
1309
2213
119
2110
1810
100
8190
2113
3281
1231
819
129
2119
1111
2218
1028
3102
833
2910
1822
2811
8312
8211
9118
191
8113
311
2108
1832
219
8902
1392
2101
3191
1218
2108
8013
1128
9310
2811
2218
108
3128
1811
99
931
2813
129
328
211
2981
129
1312
198
1118
3821
28
311
912
212
112
9802
9822
9131
2182
1112
1138
1210
8011
100
1982
1831
3111
3209
123
1119
218
9128
1028
113
2812
921
1
321
1198
1282
1131
1809
1011
2019
1832
8111
2011
913
1382
213
2121
1912
9210
8912
21
1189
181
1910
1301
3812
221
101
1121
201
318
3811
111
1218
19
1113
8120
8112
2183
1810
3219
3182
8391
3011
1113
1131
1328
119
8103
2113
1130
112
819
281
1281
1181
1821
121
1291
1038
123
8019
1910
2011
1231
1021
1811
2109
2913
111
1210
2218
9111
1312
1231
83
9132
129
289
1380
9022
1191
1101
1892
3811
1218
8211
119
2109
1012
1221
3102
9201
101
1101
9210
3110
3191
9821
3120
1128
1922
831
1198
931
8223
8391
1831
1281
2321
2218
8901
122
1301
3921
1120
2129
1229
1280
1322
8130
31
8113
1282
281
1122
113
211
1018
1911
1932
1210
281
8229
230
1302
1821
9032
8211
3211
9281
1213
911
1019
8102
3012
1118
291
1193
8301
2211
9228
218
1812
18
2913
8121
1210
3810
9811
8191
8221
1022
219
1113
1112
1192
8212
1108
1291
1390
280
8111
2291
2911
2381
111
1031
8011
3192
2311
8321
1918
2218
9121
1
821
100
2132
3910
218
3119
811
9131
181
1122
2803
2131
292
221
1212
2311
8110
120
2111
1190
1219
111
1132
9028
3189
8210
1901
1298
9021
9118
8012
9311
129
1318
9211
33
812
1301
1180
8119
1281
2118
139
82
9131
821
9232
2131
9182
9180
2112
3092
9311
9211
2812
2111
1219
3829
298
2319
2192
9123
1011
9011
1181
9131
928
1810
3120
2911
122
311
1982
1283
8911
2181
2123
1118
1139
9218
831
2918
1132
3129
9132
182
1109
392
1021
2181
2111
1811
1110
198
1181
9823
1132
1213
8129
9012
8119
9121
2819
8091
981
1193
12
9811
2301
1191
9318
181
3121
1221
3119
182
8109
1813
2011
1232
8119
2192
1819
9112
1182
293
1189
8122
9112
1830
8011
112
1012
2211
3211
2120
2802
2112
322
181
2113
8101
108
8123
2291
111
1212
8110
3810
2108
29
1982
1921
2191
1831
1132
3810
1031
3912
239
2908
2918
1311
311
2910
1921
2811
111
2111
192
2111
2023
1138
8191
899
321
1812
1119
231
8021
2182
2391
3128
1212
312
1120
1223
2119
28
2211
2012
2111
29
2128
8911
281
1301
31
9021
111
1082
2381
9181
1198
1019
2912
1913
9280
1121
1119
8011
3182
9822
1382
1093
8029
2321
311
8913
2181
2031
8119
2191
121
2811
2913
3198
1282
1129
1120
2191
9121
1212
190
9311
2111
8102
212
2903
3192
1290
129
2210
1211
2130
1232
8022
9221
2123
932
9212
2138
8219
3111
102
1318
8012
219
2111
211
3122
29
2211
2111
1329
211
2918
1290
9031
122
1380
1190
911
3081
1122
911
1138
1381
1812
1218
1109
1131
3118
8121
1211
3819
122
9180
121
9113
212
8131
1108
111
2192
1921
1211
1291
8111
1281
9212
2181
321
9311
3292
1139
1891
128
121
91
282
3111
3118
201
1321
8229
129
1921
8121
9111
8021
2198
111
9012
9112
2812
211
1319
2028
9130
9311
1103
81
212
1123
3111
9110
2210
3111
1981
2211
8132
321
9112
3211
113
9210
8112
3811
2131
192
1892
3292
293
2291
3111
238
113
2298
198
11
191
911
1821
318
1812
1221
1290
9280
2113
8111
311
2198
2312
1118
1032
310
9112
2193
1011
2111
1101
1911
1219
1132
281
1901
1982
2113
1191
3111
8211
2031
8120
9111
3218
9321
221
1211
1321
111
2191
312
1109
191
981
1218
3129
1931
2931
311
1310
319
1311
1021
1121
11
201
211
1821
8213
8023
389
3221
111
3982
1112
319
118
2811
1891
2230
1119
100
3018
111
1031
1191
9102
1218
891
318
119
3111
8011
3811
3982
212
118
381
2123
1131
311
218
9122
221
1211
9321
1813
3291
1
1031
2821
10
1118
1129
3110
1202
312
1290
1132
2131
1121
1138
103
10
1310
9012
9208
2118
2211
1831
9183
2912
1281
121
1918
2109
9221
33
9083
9011
1103
3112
1912
9181
1312
2921
8930
2189
1121
1119
2932
2391
8311
112
2281
2191
213
201
1011
111
2119
283
8910
130
1121
8122
2110
8120
2831
1812
1031
3819
9813
311
2113
2011
2308
1310
1209
1182
8012
3202
9011
1918
223
311
9013
1081
3982
133
182
3118
9821
2011
1122
1092
8131
1028
22
1329
1190
1183
9813
8911
3129
2831
2201
1213
8931
2298
11
1812
191
8131
8202
3208
9218
1910
2112
122
2319
2810
318
8111
128
2811
8101
9128
3890
1138
191
2118
311
21
8321
2211
1219
3119
2812
2391
1112
1239
1289
3212
2119
122
981
1019
310
8011
830
1110
2890
9101
9211
901
1812
921
8211
213
1932
1803
213
299
111
2238
1391
8213
3219
2820
9802
2911
8212
2289
1811
2891
810
1819
9811
9103
8219
1930
1112
1819
8310
8112
3109
8319
1221
2981
1118
9128
2110
1921
913
112
9811
2821
8301
8312
131
1820
88
112
1111
8220
2130
2982
1191
231
2118
12
2911
3892
211
2198
1022
811
1139
1803
8202
8921
3102
8231
3982
8123
2113
3028
1231
8111
9131
920
3102
1309
1203
3018
291
2311
1208
9011
1122
832
1028
1213
1131
2231
3011
1282
8191
832
218
1823
2911
2182
1111
2901
1093
288
981
1120
2182
1113
3102
1198
8291
1012
1122
1023
192
1312
1118
80
3021
9280
8390
1191
822
1110
3212
1212
291
100
8113
329
2182
8190
3211
2890
8911
3122
1391
3118
11
219
1312
9210
2111
1318
1830
3121
1832
211
1831
8139
201
9012
21
811
92
131
2291
1201
9813
1911
121
3018
129
8129
1208
2810
812
8211
1112
1129
9121
2813
2812
9112
1981
811
3211
181
218
2983
13
8101
1211
2113
1191
2118
3122
329
9801
181
9802
2012
211
8119
113
1311
2911
821
8912
1938
8011
118
3012
8011
1812
213
2911
91
8922
1011
311
2891
2811
9810
3210
910
3280
1213
832
3118
9110
8011
9022
8119
132
121
2101
118
3190
1210
2012
1928
3129
2381
112
1091
2218
1021
1109
2831
1920
3911
2189
9231
2132
3921
8110
832
2181
1319
902
312
1311
1220
8211
2918
2013
9111
211
93
1113
2191
319
1102
2019
2110
181
1231
1130
2120
1018
1121
1019
832
1801
8291
1191
912
3112
1183
1192
119
210
2380
812
111
231
211
2918
2021
111
3811
812
3129
288
2109
1192
9201
1192
1921
81
1391
8120
8011
1132
1118
12
212
9181
2181
8193
9381
3181
911
1219
3209
8212
8391
2108
123
8901
281
1931
8193
212
1183
1021
1101
3091
1210
8221
2021
9211
291
3012
1381
8913
8292
9113
2083
1382
928
8192
1801
120
2112
2211
1181
191
1212
2119
1122
1181
918
102
1112
1311
223
3109
3291
9101
2801
9221
9810
912
1810
2213
211
2139
181
2111
3021
3291
2181
223
113
3911
829
2123
1012
1219
9231
32
918
822
902
1390
1128
291
118
3212
8122
2211
8112
181
1113
1298
1032
181
13
3202
2181
3012
1811
1101
3211
1180
2191
111
223
3801
2193
1802
1801
1191
2211
301
8102
9311
9012
21
1310
1810
8921
2112
8110
8122
8132
131
9
1930
8121
819
1912
1130
832
2113
2191
9182
2911
1021
921
131
2111
9813
129
1192
3112
2101
899
211
1182
1890
121
131
8119
2811
11
921
8130
2029
1122
1220
1811
3121
2121
121
1120
1239
1823
9021
1181
1211
2311
1321
8221
123
1118
198
1198
3211
1201
911
1912
2111
2891
183
9221
1213
8120
311
219
1913
1292
130
8139
1220
22
8121
9
8119
211
219
129
1223
1223
9111
9812
1289
212
9211
8192
2191
938
1291
2311
1218
2912
2381
1132
9810
1129
3281
2218
1813
1922
9112
9212
291
191
2309
9238
9121
802
2129
8092
2231
9112
8319
182
1219
2811
1228
9130
2112
1038
9812
832
1219
193
1191
1121
1239
910
2113
2113
1189
3192
9102
9183
3819
1021
8212
1219
11
182
1111
9101
8120
1812
8032
8321
9132
1021
211
122
1382
3101
1110
2113
118
310
9802
1220
3082
112
8301
1213
229
1131
911
9122
920
1021
3111
192
1281
2382
189
10
2812
129
1112
1121
8109
1819
2811
2911
938
212
2111
3111
212
282
8211
8039
123
111
1012
9111
3210
2811
800
1981
9028
1208
2011
8131
180
9102
9102
208
2101
1121
2193
1931
9121
9081
1390
231
1121
181
2189
2198
9312
2119
1911
2192
981
8121
211
9111
38
112
1911
9021
1190
212
1011
1821
382
301
1811
912
1102
283
113
1081
1819
9081
8101
2811
1811
2109
1113
1281
1113
121
3829
9811
9213
9212
1212
1031
112
1311
1819
2810
1329
1138
1198
2012
1931
8213
2319
1182
1891
8191
1118
122
1112
9113
11
1831
190
1920
1321
1019
8319
1892
2918
1322
1832
198
108
1812
811
112
3292
2139
1820
122
23
2382
3011
3210
8212
2121
1301
2111
2130
3211
1901
109
1121
3819
8291
9231
2812
1013
21
3012
1092
3202
819
9131
3101
111
1223
911
1831
9811
1220
8112
8931
3121
121
9201
8902
1181
201
2110
8129
321
2121
9811
1822
231
8120
2191
1210
9011
2112
3221
1219
1129
198
3209
1221
1291
311
211
9111
91
9031
1198
213
1390
9121
113
1283
2301
1923
100
2181
1821
211
129
2113
1103
182
2311
2113
108
8211
1121
2131
9102
2182
112
1311
8910
1093
1832
8301
8191
189
1981
2018
1091
391
1321
1131
3821
1913
2913
1102
9
2211
1202
1182
2181
381
2193
192
131
1118
1132
2918
1291
3911
9120
1932
1131
111
9011
9028
9012
1118
9281
1109
2111
3811
1291
8032
8221
129
18
2189
1189
191
2391
913
2911
138
1023
1322
1220
1082
1320
1910
111
3111
19
3091
9281
2019
1211
181
1829
1012
3181
8131
28
2201
209
1013
8301
9211
1098
9813
1289
3921
1922
9280
2192
1093
2913
1102
12
1228
1293
1021
911
111
1102
181
9811
3208
8011
1301
191
8192
1101
119
1
8191
3229
2918
122
912
1239
181
1091
9121
1813
3212
9118
2813
1118
911
2189
890
2911
8212
1229
239
9021
283
123
113
811
1911
8122
88
2112
290
1011
8230
3101
3181
1213
811
121
133
233
129
912
1120
211
1813
8210
132
8119
111
2811
893
1382
3211
2110
112
1301
1321
293
93
221
9321
8131
2190
9318
12
122
1318
9122
8110
9302
320
111
1813
1111
2289
822
811
2109
1201
2811
2319
2138
8011
2019
8110
8201
111
1981
2109
1
2381
320
2109
1201
1082
129
811
291
8192
1912
131
8201
1123
112
1238
1231
1831
1129
3212
9201
2918
9121
1130
9821
821
1021
3111
3201
2811
9130
2101
1291
1810
131
8211
2381
122
3122
2082
23
121
289
1129
1312
1389
9281
122
901
1193
1231
1131
381
1283
1122
1110
1312
9112
290
121
1231
1821
81
2118
3921
1309
311
3129
2218
219
3191
2891
1111
129
120
1822
9211
1398
391
9211
2891
122
310
1932
2911
3211
2119
9231
8239
101
132
8112
2311
1908
8211
3211
1028
221
1281
8112
1283
1321
3112
822
1023
91
1192
2211
8192
8091
3211
1013
8211
1981
2813
8122
2380
8012
1221
29
8211
9111
2811
312
1012
2011
2302
2192
103
911
8212
2121
8212
3211
2193
281
8121
129
112
2121
1120
1218
1192
2139
1213
112
2211
2312
1109
191
1112
1811
2389
1123
3129
311
8131
101
399
1211
9011
11
299
811
3190
2391
1192
121
112
1892
2121
1111
1281
1123
2011
2103
2923
110
3110
821
8213
113
1011
122
2893
1901
291
8301
1198
1219
1321
3211
219
1128
1210
2891
3111
112
1293
2131
11
9213
3802
233
3111
1921
88
3911
3019
1110
9308
9281
2081
28
111
9012
2201
1820
191
1802
3918
9211
2013
8191
1013
93
121
1191
1291
9012
8012
1103
2110
2019
1321
9111
2120
1221
921
9111
311
1112
1011
3180
9111
3291
1918
2210
2138
983
101
2811
1228
2018
8121
1931
1389
2219
3101
1128
1128
3821
1112
2938
8019
9121
1118
2911
2311
391
1183
1012
1911
9021
9121
1311
1981
8221
291
2911
182
8031
121
111
811
3810
1112
9311
311
111
9311
3118
110
1810
1392
8931
3018
2211
9821
3101
2209
2281
3921
1128
1291
299
1122
3192
2189
3119
3921
101
1823
8921
9128
8032
911
211
3111
8223
3821
922
1912
1182
1118
8311
3190
1218
1229
2089
1920
1190
1830
9810
2831
211
1011
823
1102
2131
1201
9110
3112
1110
2018
3112
8232
2021
8110
1238
1011
1081
1201
2281
1201
2911
823
1120
1219
229
9081
2211
1119
201
1110
1322
3819
1021
8021
2938
1103
1891
1189
1209
2113
1923
381
2120
1829
112
212
1123
1911
2101
2312
8120
911
9812
2119
1121
1930
1131
8221
21
8291
2121
2031
1211
9212
111
219
132
9811
3211
1120
1902
8129
11
81
8031
1920
3118
8031
1192
2219
8221
2111
2191
11
918
2930
902
8213
3119
3110
1128
8111
1031
2119
18
1290
82
8113
111
1211
211
120
1112
2291
1318
21
2
1311
8912
2301
3191
1891
9211
9110
1920
1218
890
3901
1228
122
1830
1193
2118
8113
2119
1113
2931
1213
2321
121
1211
9112
1221
3110
9220
1139
823
281
231
211
9208
1213
3928
1982
1182
9121
1931
1129
923
182
3112
2911
9312
8012
1103
2198
123
9138
1812
2311
192
821
9281
2118
102
8391
81
193
1201
219
119
8111
1902
821
318
8119
8191
21
3102
3901
1092
1132
2103
322
12
3812
1321
9811
3192
8021
1212
1281
9211
1113
2112
1813
1813
8311
9211
321
8221
1098
1319
192
81
3111
1231
2180
2129
2189
8012
1913
1023
311
2201
9121
2131
3091
2930
8212
1192
1028
1110
8231
228
181
1201
3282
3121
2083
1111
3012
12
9211
2181
910
123
2118
139
1912
1012
2911
2308
2183
1821
9138
129
2182
2910
9102
1118
218
111
119
1308
2211
201
811
908
1112
1392
3211
9132
3110
1089
191
121
8312
1102
9138
9112
329
1218
8101
233
2829
1109
1012
8102
1811
9110
3191
138
2801
1212
1912
8911
201
188
1031
1232
1101
1119
1291
9181
913
2112
111
1232
1022
2101
891
1922
8110
2910
8019
1101
3181
2119
9281
2109
182
3821
1923
121
920
2012
3922
8221
3118
9282
9218
2121
2921
3229
1821
131
1211
2293
2181
9018
2321
1028
311
1912
2112
1382
1032
1801
102
8931
9221
1381
1191
1110
2821
1321
211
2938
2013
3921
129
311
8112
118
8211
811
8319
1129
1311
8312
1122
2911
1011
3219
89
1928
1192
1229
121
3112
1381
81
2129
2981
231
2138
1398
2911
809
2890
2111
9301
3111
113
9120
1089
2111
1218
1318
3121
1111
1920
1111
2913
9213
1039
221
291
811
9321
13
1890
1380
3029
1283
1189
2811
1210
1223
1813
233
3119
3121
2938
2018
1181
2183
193
1213
1921
1921
128
129
1191
3928
1312
3021
2021
8011
8031
1112
8110
2819
9211
8120
1321
8311
19
9081
1192
118
182
1239
831
3281
1121
1382
839
1112
1289
3228
1182
8023
291
1113
8129
8212
2121
3911
8113
1309
1380
8291
1901
9123
121
218
1291
2091
2911
1891
121
1201
201
123
3891
1281
2310
1182
1012
192
8122
113
1182
1928
1819
311
1119
9111
1319
21
1110
1218
11
2801
8021
3209
3181
3101
1191
1031
2913
1128
1311
39
3221
213
128
1189
1320
219
9210
1122
208
1098
2131
1918
1231
2181
213
1280
290
8213
8211
3221
2111
3910
213
1291
102
1239
2121
1918
9281
9811
8121
1381
111
2111
2081
9111
9231
1982
1318
1801
2091
221
3219
113
1102
1120
3220
1311
8212
1212
2181
802
1011
1111
128
921
1180
2119
3211
2091
9110
1203
1931
1112
9123
9181
18
8102
22
1102
3981
981
2119
1831
2191
1131
2311
2321
2128
8103
2891
3081
1129
3112
212
2911
8290
2192
9112
801
1119
1213
892
3112
2118
2281
321
1110
1108
8121
8011
1112
9201
2121
810
2111
1131
821
811
1021
932
2192
1211
1132
3812
109
1201
9121
8230
3218
9320
1011
2811
9320
318
1119
29
121
11
2181
1903
1211
139
112
2123
1111
2103
2110
8192
1829
1311
9231
1221
1813
1221
3102
9110
1831
2981
1019
9101
1120
1121
8021
8112
131
2891
321
3112
2193
2083
1131
3911
121
8232
8111
3189
3101
2102
8231
122
321
112
2181
2230
322
3211
9028
9281
821
2813
3918
301
912
1120
111
2211
1029
2108
112
821
3190
9832
2113
8930
31
3121
1328
219
3218
2118
8210
3921
9130
2120
1112
2118
8122
2329
8213
188
8210
8121
1321
2392
1920
12
181
892
1231
301
128
209
211
9113
1822
2131
2102
1138
1181
9112
2013
1210
3922
1239
1239
1021
110
1831
129
1913
2801
2911
9301
1123
810
1221
8211
9211
921
1832
191
2312
1320
1203
3101
182
128
201
2981
1912
1138
21
8190
9308
2102
8121
1389
1821
2391
1131
8113
3110
181
1113
1391
9231
1123
2210
2201
1182
2938
1193
213
1032
9111
1093
1102
1821
1191
9111
1138
122
138
1089
9281
1981
9101
2293
2118
122
1112
2912
2821
201
1011
1812
1213
9301
1021
9013
8319
3111
3981
318
2839
8113
121
1131
1182
2102
8102
1293
1032
112
1180
9031
3281
218
2039
228
8203
131
2191
11
1211
2830
9118
1321
118
9231
3128
822
1182
118
3012
1180
2198
1182
1112
120
2019
839
9810
119
8232
1912
2298
8209
9112
2911
2129
1011
9238
2129
2319
202
2219
22
1981
1811
1811
3912
9132
2111
8201
3920
1213
2103
1211
1102
8121
921
1132
3911
8103
2193
1811
1392
113
2121
231
2092
3081
8192
1121
8921
9113
239
2121
1111
11
9328
8109
1022
2891
1298
2102
3102
1823
181
190
1111
812
11
2081
3111
2128
9031
3912
1801
129
1119
1138
9111
3102
101
1291
1321
2219
2191
3121
2011
122
9018
8312
219
2130
1821
1121
9121
8211
1890
1912
8112
320
121
123
1311
1023
9218
2098
8210
2121
1283
3111
2829
9112
2131
1211
9082
9018
2911
911
310
2081
112
811
9138
101
121
1121
9308
1913
2121
9183
8901
182
312
1198
1191
2911
2082
9281
11
3102
1011
2011
120
3011
238
1912
119
9122
1212
9381
1911
1823
9182
223
8120
1201
1211
9011
112
1201
3281
1113
182
8211
3211
191
131
1108
191
111
9110
1130
1101
1281
1112
2328
1183
211
100
3129
83
10
811
9131
1203
2031
1232
8922
1922
3019
181
31
1081
302
230
131
3120
8121
1011
283
8112
2391
311
1081
281
8391
3891
1103
138
2839
8192
8112
1191
2389
3121
1019
3109
3110
813
2302
112
1302
181
2281
1311
311
123
291
2123
2213
121
1180
3012
823
1812
2210
381
2111
1011
318
211
109
121
211
3192
1811
8321
3811
1123
1319
112
8019
2811
1812
9011
2101
113
2381
1239
2291
812
3911
1111
1110
138
183
2210
801
2310
9181
8212
199
2910
9182
1129
3112
1102
221
2812
1220
81
2191
210
9802
1301
1182
210
1809
8210
8932
1012
1311
2191
3291
1312
2021
1281
312
8319
211
2231
1129
1101
1129
1112
1211
1830
1901
118
913
802
191
1120
1923
22
1031
2180
1822
1291
1391
1019
1213
2092
2111
2811
3211
1392
212
1280
29
2118
121
2113
2
1191
1318
3012
291
1809
3202
931
111
822
110
9102
3891
9113
3182
2210
1102
1903
1192
122
221
8231
91
1118
1811
8921
1211
2131
1193
2201
311
3220
3011
1019
8231
3019
1103
122
8219
9211
9132
9811
1101
100
2310
8012
1221
2102
111
2219
1012
1902
1912
1029
191
1811
211
3112
1819
1831
321
2113
811
1012
8221
2110
1128
1809
1123
119
8211
3022
118
3201
8132
1121
211
9212
3112
211
1212
2238
1902
2011
8211
2120
181
3291
2291
1218
8101
812
9211
213
123
2301
3019
1981
1101
291
2121
9111
1901
9211
122
9011
1289
8121
201
3121
930
113
12
1218
3011
9132
101
9212
211
918
918
3128
210
310
1321
932
811
2209
1111
1810
9181
1132
1231
9101
3011
8129
1810
2291
2110
122
182
3112
8913
182
813
9111
121
2111
319
193
2913
2311
3281
1219
1121
2113
9113
1292
2891
2211
391
3218
3911
2102
112
1210
8112
1130
1081
1109
8091
1231
9102
1192
2192
2321
1921
1312
9312
98
211
8911
238
113
1101
2811
1811
1123
2380
9211
129
109
8391
9823
218
129
1231
3209
113
83
2811
1092
1218
1113
2109
9130
3181
2810
3211
2081
1118
291
328
8091
2111
9031
189
19
3012
9121
1209
1391
8091
2181
1281
2131
1211
1390
111
2129
192
2380
3112
1102
213
2911
9181
3129
219
1191
211
1108
1192
3102
1801
1928
2201
111
1112
218
8312
2121
1129
9231
3121
1891
2181
2311
201
8019
220
1238
1192
2131
8011
21
3120
3111
8901
1210
1928
2118
9013
1921
2182
8223
9122
2910
211
90
193
9213
1103
3218
1019
1202
8211
1218
3282
1192
121
1181
9320
3298
221
1318
1101
1291
1812
8312
2380
3211
1081
8103
1311
8011
3091
9021
113
103
8319
21
1113
1038
9182
9203
1928
2019
1129
1812
1112
2311
3111
1022
2211
9821
21
310
1081
181
311
1108
1123
803
2119
981
118
3192
8110
11
118
1932
318
8102
3121
3810
8129
1118
811
3891
193
1819
2101
921
1121
1211
891
8223
8932
9183
1322
8291
2011
8190
8921
1123
209
2819
112
228
211
9102
3112
129
1391
381
1981
2192
11
1122
2812
11
2810
1290
3111
1181
3112
8011
1129
9121
2211
2039
20
21
3180
2381
1812
2182
3118
1228
1021
3211
2181
802
111
2810
1218
9182
8231
189
8310
1980
1112
8192
9812
1038
9128
89
931
190
3121
2101
1139
219
1193
1923
988
1031
1311
3121
2101
1210
1982
9201
1801
9382
30
9121
928
1903
1213
1192
8291
1219
3018
3181
2901
3110
118
129
2392
2103
1210
3018
2218
103
319
3019
1102
2081
2912
2192
3112
2901
800
8111
9128
2183
12
1112
2110
2813
1221
9111
123
812
293
1198
211
3220
3112
9211
2131
1128
181
2112
9321
3911
3819
1910
8111
3812
9021
139
1832
9823
21
192
1012
9810
8213
18
3209
111
293
1910
1121
1118
1289
9012
1230
1031
9120
292
1012
301
1911
1191
1229
1103
213
2911
1911
3211
3128
123
9110
32
2113
2132
1123
1910
1328
1121
1318
1029
1218
311
8032
111
213
8301
1121
2210
1832
9221
9812
8113
1128
2310
1312
8131
2102
132
2318
1011
2101
9112
81
2120
130
3921
9211
1228
921
3021
821
832
1892
291
8119
3281
1093
292
2131
182
3192
8011
9211
8210
2181
2802
1032
9110
8202
9122
2119
2191
3901
2181
1021
1213
3011
1130
1102
112
113
1812
8911
9121
3821
2290
1192
3102
123
100
3210
3182
811
98
182
1328
218
3012
1201
21
1291
1021
1811
1129
131
120
113
3119
3012
921
2312
181
21
193
1113
1102
2110
1208
2031
8311
119
1981
8112
3218
23
2192
2312
931
1230
1382
2311
2123
2029
1138
8911
1328
213
2181
1082
1131
9811
3812
1139
1913
1239
1932
831
1903
2811
8119
923
3228
232
191
8119
3101
2113
2112
1121
211
220
8211
8121
9223
2183
8192
291
1390
1311
8121
1282
291
2930
111
1212
1110
2192
2103
131
3910
8219
2183
212
9811
9301
3802
3119
289
9113
389
1111
8201
113
19
2098
9211
1801
2111
113
3181
8210
2219
2381
1192
912
2191
1130
3822
8103
1213
118
1111
1120
2193
312
1210
1908
1183
1180
113
8032
1221
1831
1093
111
21
3810
1029
1130
9111
8193
1092
1212
112
181
1213
1218
3019
3211
2381
8121
122
2890
180
811
1183
8112
9113
18
2311
1821
913
8311
1132
1813
2011
231
1910
9322
1191
8119
1931
1292
8131
1983
1231
111
213
9113
9311
2123
1121
1118
1131
9211
182
1128
1021
2201
1031
292
8110
129
823
3221
3202
1121
2180
1121
9280
932
21
1128
1193
1129
1092
1219
2811
212
1011
1923
2219
2893
8212
1029
9213
1321
239
3102
1931
1801
9018
9012
8921
311
1928
1113
1382
299
1820
1138
913
1113
128
3189
1211
9111
193
118
2130
2113
1130
1191
291
8192
8102
921
2981
1291
111
3208
1120
1210
8011
1829
3091
380
3181
2810
3821
1901
121
1123
1212
1932
1121
8132
119
122
2119
9821
9120
1310
1292
3221
2103
3111
2111
3212
9081
2891
1219
2983
1198
1912
3282
1823
1019
128
2180
1391
2982
1121
3810
9181
3291
8121
9101
8021
1019
1102
1229
1011
1210
2213
1101
1921
113
213
139
9122
319
1912
911
2311
311
2981
9821
2012
1210
2011
1381
193
1021
3812
8211
2039
1189
2811
1901
1228
2011
2120
2911
2089
2801
1302
1102
8113
2111
3191
2101
1081
1982
1121
1028
8212
1138
3811
2111
8212
821
1029
9281
2831
8902
2918
3118
1193
2101
2820
2111
1822
1321
391
1123
9181
2821
1102
1131
319
8901
8913
1032
2089
8109
81
111
129
2811
102
113
1119
1213
2911
1131
3228
2810
2318
9312
2291
2181
812
8212
229
1312
8101
3102
132
9011
123
1210
2130
3119
801
110
2101
112
92
3811
1213
1021
1121
9131
112
1238
1210
9118
9021
1023
9302
110
1823
9311
9111
1832
2139
1281
1201
2392
8120
2089
110
1913
1112
913
112
1832
9122
229
2982
1219
13
1122
8293
1131
1182
1218
221
8111
9210
11
1011
1890
1198
3129
1811
1108
1281
1218
2891
1901
9118
133
891
129
191
1221
281
2131
8319
2283
8129
111
3112
181
2103
3811
1321
1282
1203
1211
2139
311
8012
211
321
321
2111
1120
2108
2231
1239
1011
128
12
1231
810
1292
1308
8922
1028
2103
2139
3201
1812
1812
811
3212
1112
1819
2131
1182
1101
122
1108
1822
1819
380
31
103
1918
232
1190
2819
811
1380
2013
1291
1318
1029
1812
3201
218
811
1312
211
8321
2312
8921
8123
1321
192
1189
1212
181
1292
3211
9281
81
1180
2201
2111
9120
8311
1382
901
2903
8139
1812
8210
9011
3208
312
9121
2180
2182
1201
211
8121
2238
922
1813
9311
2193
318
8219
2113
2018
2812
9131
1893
210
1281
813
2830
189
201
2190
1210
1238
2113
1291
1121
2190
2238
1801
8230
2291
281
2312
8121
1128
3212
1291
2891
1911
1130
1120
3812
8311
1193
1892
1293
1239
2211
1110
2310
1229
1110
1390
1119
9112
2018
2901
9120
1212
1811
1281
9221
1038
1029
3119
1218
3280
109
1293
3182
1201
9122
2112
3119
913
921
1192
1118
2211
191
928
2310
1811
8192
1289
3922
1081
8111
1082
8231
8191
119
1220
2111
2190
3120
223
9111
1291
2819
118
1208
2931
1091
1318
130
1221
2812
1310
1198
2913
3112
1891
1282
2118
1811
2102
9213
8111
8113
2081
211
1012
1928
218
193
392
2310
9201
8901
1321
1021
1121
181
3922
1012
2310
2811
1021
112
3218
1802
1112
121
1821
231
119
133
181
1118
1819
3108
892
3211
2102
1398
3111
1391
1118
1212
2191
1282
8191
3111
191
2213
1912
1911
2011
8113
1132
3119
1082
1211
122
2801
2181
2821
11
9110
9382
2801
121
182
3218
2118
1113
1310
121
11
1312
2198
3019
2112
112
1311
3210
9321
119
2031
1318
111
22
1821
1239
1810
2391
3121
1813
112
9221
1281
9282
1112
289
1193
11
8119
8121
9201
1390
8312
1921
1839
1183
1280
2019
1091
3101
1231
2011
281
2119
1292
9110
131
2018
1102
3108
921
1212
2019
2101
8012
1111
1810
8119
3012
319
1211
1389
122
1930
111
3011
139
18
8013
3112
1318
8291
2311
1102
318
1891
8029
8131
11
3111
8023
2901
9113
191
1118
119
1111
113
1823
1901
1301
3021
913
211
8221
319
2111
9218
893
2191
119
121
291
2392
1292
131
1181
2931
1123
9321
2128
2011
1239
1138
123
1102
3912
9012
32
2910
102
3290
1123
1832
1328
2198
1218
9103
8110
1381
3212
3298
8122
191
181
9232
1212
1113
131
8921
1922
1382
1203
3811
2139
1820
232
292
8312
1912
118
8910
1129
1181
8219
1193
1823
1921
9181
2209
3019
1122
9123
8122
3118
9101
9110
318
8329
8213
1028
1320
1289
1121
9132
8211
111
1082
1312
3901
821
3110
1038
11
3121
9118
1932
9132
9111
1081
3122
8191
1308
1812
201
1213
3118
1218
192
121
2108
2121
8131
1192
3111
8932
1319
1123
2110
1231
2018
211
1901
1189
1283
2121
821
821
1311
8120
9112
9112
289
9811
1381
183
211
1183
112
118
121
2211
1081
2118
1329
211
321
3210
1931
193
9013
2290
128
1121
2891
2110
1921
9021
8213
8119
2112
2918
1181
8120
9031
3822
211
211
211
1022
2931
190
2091
3811
3110
1921
910
111
8112
1038
1220
2113
1381
2219
8110
113
3121
9128
1011
2312
1012
1201
2213
102
9111
3911
9311
3912
1110
3111
129
9118
113
3108
1280
2101
19
9112
122
1081
1121
1031
9311
9811
8112
1239
1112
3811
1
9113
1121
112
11
2181
1112
1122
899
1131
1213
1201
1813
8213
8
3120
1901
1392
1231
1129
2231
1931
8121
3911
9301
291
2138
9211
2208
9218
1131
181
9121
9111
1123
8210
938
1238
1213
2911
1382
1811
1112
809
9182
1081
220
9211
9321
2113
1918
1103
8110
2109
8011
121
1201
3982
192
2191
2809
282
11
3081
813
8390
1190
8913
129
8220
1391
2023
2811
1830
1912
3211
2231
8119
2118
1181
1130
8131
201
9211
129
1398
2291
1190
9213
1211
101
1812
2111
118
111
1081
9110
1113
1018
1390
9211
913
1120
3811
221
1012
811
1982
1122
219
2819
8021
131
9112
2310
1120
2318
8123
2891
1938
1831
2811
1310
8911
1218
1112
3291
8122
118
2810
9811
8021
1923
1230
2121
2108
1221
112
9132
922
2109
1283
22
2181
2328
1811
