3181
1120
111
8031
2380
1091
1911
1109
1210
8013
2813
292
2911
1913
112
1113
1311
1131
181
1210
1210
123
1221
3101
1123
113
3121
8109
1128
2121
9211
8101
9110
2319
211
1213
1118
1182
1012
219
1382
1813
2013
9081
1231
1182
2131
9831
9132
1021
2012
1139
1310
112
8211
8219
3021
1212
1123
8121
1102
813
9301
388
3122
9280
129
1819
8112
8912
1139
2213
923
2921
1231
1110
1913
1928
9802
311
1822
3811
2110
122
1132
1220
91
2128
9231
112
1291
31
9232
1191
9123
1329
3112
1932
1830
111
1118
1039
118
2813
20
1913
2180
1093
183
2119
9812
1911
211
8012
1132
3182
9302
1812
1101
921
208
108
3280
9038
2011
3210
2128
1923
1211
930
8121
3211
1103
1398
1210
2103
3019
2311
1302
128
211
2311
9221
122
8290
2101
918
1181
2111
9138
132
1192
8011
113
1193
221
218
913
9213
121
2120
8901
1213
2101
1812
918
2380
90
3281
131
9232
9110
8112
211
1110
1189
8329
8192
9301
1221
2081
9310
1912
118
2211
9111
8921
3210
8190
9281
1110
123
1082
2328
8913
1832
2801
1302
2093
8111
118
1131
132
1298
2113
1201
1812
1192
8219
922
2021
3082
1013
122
3201
1312
9310
9031
3121
2318
2121
312
982
1381
191
1918
1231
1822
1321
2191
1021
1289
1912
2811
1190
1121
9182
3219
23
2113
321
2809
1822
3910
211
8112
2911
1923
189
11
9801
9031
130
1108
8112
2903
810
1123
1213
812
1102
1101
1238
9210
1912
8110
3821
1829
1213
13
821
9132
1029
2831
3180
1228
218
1221
312
9203
3912
3011
2920
282
8132
1211
8101
1111
91
3810
3902
1829
3121
1308
8032
9131
1110
3119
31
2211
1231
2319
3119
1819
103
892
2311
113
2110
283
9110
8109
212
8920
3112
119
2289
9321
3211
3118
1230
8911
918
3201
9011
182
1391
1132
8913
1110
2181
3120
228
302
1102
1120
1019
8121
1810
2319
311
1120
1298
1182
311
822
112
122
191
1911
812
3111
1102
8931
1203
1931
1119
111
9022
1811
2821
118
918
8302
8291
2101
2211
1232
1201
820
988
211
12
3210
2130
1218
1281
811
1292
1192
3018
1201
913
381
1130
9123
191
2112
2191
1083
1209
9101
91
1923
9021
1291
8219
28
829
9128
1193
2138
912
128
1291
1120
392
1212
9132
1211
2118
8210
1813
1322
1823
1121
8112
1230
3011
3911
3112
803
22
1191
191
1830
9182
1189
110
8132
911
9831
2391
1110
8011
9283
93
220
2132
9101
1128
3121
3089
2138
328
911
1193
8219
1212
1193
2120
2121
1013
3218
1302
12
182
1231
8011
1190
2110
1123
9283
1110
1110
1211
190
112
1822
9211
1219
8103
9822
8231
1181
1110
2013
1181
111
811
9821
1901
2831
3012
1813
2911
1191
2189
311
1139
8013
2318
3182
1123
8319
902
8112
1210
3198
128
2112
1311
102
131
1212
1202
312
2019
231
9282
1091
1231
318
1181
1310
2182
1101
33
3111
1129
8911
1119
811
1320
3191
8201
129
381
9118
2209
8310
1312
3122
9121
8111
1229
8101
8211
1110
1122
3101
93
3111
1213
3121
9118
1381
321
2012
1981
912
9101
1182
1911
2119
3121
1918
3108
3829
1803
1312
1023
1829
2123
2389
1031
3921
2911
8211
9208
129
382
2139
2183
8913
293
282
8191
911
1081
9120
3111
18
1293
1812
9101
8221
1130
1801
121
121
2381
1011
2318
3181
891
1131
1812
2910
1093
1213
8120
2981
9180
8112
3120
1219
1121
1132
101
2181
12
9121
8321
811
821
8130
211
9812
9321
1102
1180
1139
2101
8112
1910
2381
3191
2211
911
3911
1389
2091
311
2213
211
3191
9201
3298
218
2329
3981
3102
1311
283
311
913
1113
181
9312
911
2031
1213
8131
2298
9011
1911
1392
912
1198
2031
2012
1830
1230
321
119
2081
1811
1128
1911
2931
3
3219
8112
9121
8191
291
1812
2110
9111
9128
1
2831
1191
1231
223
110
111
2391
9120
2231
9281
8291
9202
1021
9211
8211
8131
112
1012
3119
311
1928
1011
2811
180
1221
2113
1183
1822
1112
1092
120
1912
1012
3218
3112
9120
8110
832
9018
128
1289
182
8911
8931
2112
1121
2121
3212
1831
9130
2181
1213
1118
8291
3101
9811
3211
9121
1113
1111
2182
1022
2911
181
1139
3128
2113
121
120
318
9138
318
1932
1221
131
3119
1813
9081
920
1108
2011
9238
2101
1123
8111
8319
1981
2118
201
8022
912
211
1031
11
2281
8219
9132
122
111
9123
1211
1293
101
2082
2131
2311
1812
2813
8101
2182
2981
1982
9113
120
3901
2111
1912
3190
2191
2183
8211
1032
1380
2213
1923
8012
1291
1813
1191
1129
8113
10
1029
8212
1291
9112
9202
1823
131
1981
3201
2191
111
912
1811
1118
2219
8139
1119
8211
8192
239
1282
3129
8123
8013
1219
8121
1928
9111
2193
101
2121
211
2310
918
911
191
11
2091
1208
2931
112
1112
2211
2831
9823
9321
2181
3981
2932
121
281
2191
113
311
8932
8121
1183
2918
9111
3111
298
9213
1921
8103
2121
111
9131
18
3918
8121
9381
9032
2198
1311
328
3192
9281
2021
2931
29
1891
9113
211
3110
1218
1129
1318
2111
1131
8121
801
912
1119
112
2938
211
1212
1938
1180
2811
1113
1281
1098
121
1023
1318
1129
1810
3129
1109
2310
1382
1821
2813
2321
312
2910
9318
8921
2110
22
1911
2130
1123
1293
2109
1238
2981
8121
8221
118
1220
8132
12
1809
911
110
1129
311
280
1032
2311
191
112
8191
9112
192
111
9101
9131
3111
3111
8121
1018
11
8239
9121
2239
2011
2913
12
3212
1210
1918
2089
1021
113
22
3228
3292
1839
1218
3192
8101
110
1018
1292
2831
122
3922
1081
1239
8012
2121
9121
1112
