Star_A 35 206 605 22 60
Star_B 635 50 123 73 36
Star_C 132 265 603 245 33
Star_D 563 331 356 211 246
Star_E 123 136 360 63 73
Star_F 361 210 331 136 271
Star_G 23 61 350 40 26
Star_H 362 563 521 23 46
Star_I 501 26 335 25 60
Star_J 213 132 133 245 46
Star_K 521 356 231 242 45
Star_L 630 315 615 240 33
Star_M 510 36 502 213 25
Star_N 216 120 531 41 15
Star_O 602 213 303 62 25
Star_P 653 6 36 133 173
Star_Q 15 323 36 175 170
Star_R 136 165 25 43 212
Star_S 160 613 25 15 215
Star_T 206 560 323 173 163
